-0.9042726668930269
-0.8792299402240966
-0.9614376408218555
-0.9498232644136368
-0.9273250317695004
-0.9620517814518054
-1.048431263637287
-1.071946951000914
-1.0972274814909049
-1.071255206675996
-1.042542654609236
-1.0111172280631437
-1.0050060557825122
-0.9789559952246871
-0.9991664352724403
-1.020174770919716
-1.0249730232105188
-1.0467232929784136
-1.0402560600486295
-1.0648534994481431
-1.0832049644536617
-1.059372914809125
-1.0397791856610339
-1.0223813938044237
-1.0191575798663794
-0.9949660040677157
-0.9790163440270385
-0.9612261805867681
-1.0246139187809002
-1.0063677795930912
-1.0243041017971604
-1.0680610607791887
-1.038380450171397
-1.073996645669683
-1.066256679212986
-1.0485941124208562
-1.0351081712966477
-1.0367570895836813
-1.0613895186878444
-1.058775623500966
-1.0561878672659564
-1.0396259885932968
-1.0512297287073638
-1.0497174314202902
-1.0222202571060874
-0.9999980545350264
-1.0099980739896763
-0.9948980932497795
-1.0629491123172814
-1.0613196211941087
-1.0257064249821677
-1.007449360732346
-1.0433748671250225
-1.0229411184537722
-1.0567117072692345
-1.040144590196542
-1.0177431442945766
-1.019565712851631
-0.9923700557231147
-0.9694463551658835
-0.9857518916142247
-0.9728943726980824
-0.9791654289711016
-0.9643737746813905
-0.9497300369345766
-0.9412327365652308
-0.9588204091995784
-0.9632322051075827
-0.9295998830565069
-0.9243038842259418
-0.9150608453836824
-0.9089102369298455
-0.885821134560547
-0.8569629232149415
-0.8593932939827921
-0.8357993610429642
-0.8064413674325345
-0.8243769537582092
-0.8101331842206271
-0.8030318523784208
-0.7940015338546366
-0.7720615185160902
-0.7623409033309293
-0.74971749429762
-0.7572203193546438
-0.8496481161610971
-0.8641516349994862
-0.8665101186494913
-0.8638450174629965
-0.8832065672883666
-0.8593745016154829
-0.8627807565993281
-0.8731529490333348
-0.8544214195430014
-0.8498772053475714
-0.8323784332940957
-0.8120546489611546
-0.8159341024715431
-0.7987747614468277
-0.8207870138323594
-0.8075791436940358
-0.8525033522570954
-0.8659783187345245
-0.8693185355471792
-0.8576253501917074
-0.8650490966897904
-0.8543986057228924
-0.8378546196656634
-0.8194760734690067
-0.8142813127343167
-0.8171384996069735
-0.8759671146109037
-0.9052074434647945
-0.8871553690301466
-0.9112838153398451
-0.9011709771864467
-0.8861592674145822
-0.9532976747404361
-0.9217646979930317
-0.9395470510131014
-0.9331515805029704
-0.9268200646979408
-0.9475518640509614
-0.9920763454104516
-0.9821555819563471
-0.9883340261367837
-1.0114506858754158
-0.9853361790166615
-0.9724828172264949
-0.9567579890542299
-0.9301904091636876
-0.9218885050720507
-0.9426696200213301
-0.9182429238211168
-0.8910604945829056
-0.9491498896370765
-0.9706583907407057
-1.0109518068332985
-1.0268422887649655
-1.0305738658773158
-1.0312681272185424
-1.0139554459463571
-1.0118158914868935
-1.0376977325720247
-1.0513207552463044
-1.0348075476938414
-1.062459472216903
-1.068834877494734
-1.0731465287197868
-1.0544150634325888
-1.048870912798263
-1.0253822036702804
-1.0481283816335776
-1.016647097817242
-1.0384806268390696
-1.026095820570679
-1.0168348623649723
-1.0546665137413227
-1.0471198486039093
-1.0386486501178702
-1.0732621636166915
-1.0525295419805245
-1.0470042465607194
-1.0735342040951121
-1.054798862054161
-1.0412508734336197
-1.0278383646992835
-1.0185599810522905
-0.9913743812417676
-0.9814606374293499
-1.0046460310550562
-0.9855995707445057
-0.9837435750370606
-0.9869061392866899
-0.962037077893823
-0.9664167071148847
-0.9447525400437359
-0.9133050146432985
-0.9641719644968655
-0.9475302448518969
-0.9310549424033778
-0.9507443929793441
-0.9312369490495507
-0.9269245795590552
-0.9456553337634647
-0.94019878042583
-1.0057967926215716
-1.006738824695356
-0.9846714364484024
-0.9928247220839184
-1.047896474863079
-1.0584175101144482
-1.0438333350133038
-1.0763950016631707
-1.0506310516465391
-1.0421247411300738
-1.0267034937187731
-1.0234364587815852
-1.0152020941937694
-1.0070500732518317
-0.9939795725193133
-0.9760397767941202
-0.978279379026179
-1.0164965852359171
-1.0163316193835579
-1.0641683031897222
-1.039526620157825
-1.0451313539562468
-1.0876800404166842
-1.0758032400125175
-1.0480452076123923
-1.0385647555362685
-1.0081791079809057
-1.0060973169010967
-1.0480363437320857
-1.0405559802947646
-1.0131504204918171
-1.0120189162868989
-1.00689872712403
-0.9868297398527897
-1.0299614424542616
-1.0326618280297188
-1.0163352097494216
-1.0271718576519275
-1.0339001390754081
-1.026561137684654
-1.0852955263078075
-1.0804425710447294
-1.1456381453342819
-1.161181763880939
-1.1635699462421296
-1.1799342467797083
-1.1521349043119111
-1.129613555268792
-1.1153174197161042
-1.084164245518943
-1.0593226030637537
-1.045729377033116
-1.048272083262785
-1.0167893624301572
-0.9996214688058557
-0.9776252541177971
-0.9498490015766191
-0.9333505115608529
-0.9720170064452444
-0.9532968363807919
-0.969763868016984
-0.9420662293368142
-0.946645567043446
-0.9231791113730116
-0.9079473202592815
-0.9008678470566887
-0.8858591685861218
-0.9170005769002606
-1.0228305711312577
-1.0156022654199452
-0.9874462427657458
-0.9675717803380883
-0.9478960625347074
-0.9574171019093604
-0.9848429308902668
-0.956994501581364
-0.9354245565655503
-0.9760703109998947
-0.9543096078898957
-0.9427665118109968
-0.9653388466928868
-0.9356854582259579
-0.9223286036436984
-0.9201053176072614
-1.0419042644311884
-1.0154852217868766
-0.9943303695690079
-1.0293870658733177
-1.1010931952145844
-1.0910822632624386
-1.0611714406298143
-1.0395597262235163
-1.0341641289612813
-1.0498224876716684
-1.0543242627949518
-1.0487810201670023
-1.0312932099653322
-1.0219802778656788
-1.0187604750870218
-0.9975728703361516
-0.9695971416327901
-0.9699011702164622
-0.9572021585142976
-0.9486301369291545
-0.930143835559863
-0.9278423972042644
-0.9325639732322217
-0.9492383334998995
-0.9207459501649005
-0.9635384906632514
-0.9759031057566189
-0.9641440746990527
-0.9575026339520621
-0.9679276076125415
-0.9592483315364161
-0.9436558482210519
-0.9272192897388414
-0.8979470968414529
-0.9259676258730384
-0.954707949614308
-0.9911608701181649
-0.9772492614169832
-0.9704767688028134
-1.0037720011147853
-1.0407342811036373
-1.033326938292601
-1.0419936689096747
-1.013573732220578
-0.9894379948983723
-0.9795436149493886
-1.0577481787998946
-1.0301706970118958
-1.0078689900417768
-0.999790300141359
-0.9887923971399454
-0.9899044731685459
-1.0120054284368605
-1.016885374152492
-0.9897165204109669
-0.9718193552068572
-0.9751011616547887
-0.9583501500382408
-0.9557666485378583
-0.9622089820524797
-0.9375868922319549
-0.9172110233096353
-0.921038913076539
-0.9388285239457735
-0.9644402387063158
-1.0057958363192525
-1.02373787795606
-1.0225004991764994
-1.0192754941847344
-1.014082739242887
-1.0149419118504581
-1.0357924927319535
-1.1244345678046337
-1.1391902221265873
-1.1137983199053214
-1.1166603367062682
-1.1084937333392053
-1.0814087960058132
-1.1115947080457549
-1.0794787609652974
-1.0476839733556444
-1.019207133622088
-1.0120150622858672
-1.0778949116630083
-1.0541159625463783
-1.0675748029209144
-1.0488990548917052
-1.030410064342788
-1.0251059636993602
-1.0098549040623668
-1.0077563550217432
-1.0016787914715257
-1.0126620035568104
-1.0595353835212422
-1.0449400296860298
-1.0114906293891697
-0.986375723095278
-1.0095119658643252
-1.0354168462056819
-1.0120626777436252
-1.0109420509661888
-1.000832630456527
-0.9888243041519617
-0.9919360611104421
-0.9730167004993376
-0.9512865334943442
-0.9437736681594008
-0.9243359314778068
-0.9300925721630288
-0.9317916464413984
-0.9264737299769844
-0.9602089926772145
-1.0126069027504423
-1.0264808337229379
-1.0212160253857083
-1.028003865131851
-0.9957238264805326
-0.9977665882157273
-0.99178892233357
-0.9638710331102343
-0.951232322779132
-0.9317199995513407
-0.9234027995558273
-0.907168771560269
-0.9310970838446663
-0.9237861130062196
-0.9485482518761574
-0.9730627693573959
-0.977332141663822
-0.9745588202471838
-0.9648132320447119
-0.9381650997242648
-0.9327834487270221
-0.9464556142397519
-0.9489910580973544
-0.9345011475163808
-0.9161561360412169
-0.9669945746808047
-1.0253246289339966
-1.0110713826446567
-1.04696066881821
-1.0264910621300278
-1.0492261515087276
-1.0307338899936402
-1.0204265510937038
-1.0232222855827668
-1.0669900627269393
-1.08332016209967
-1.0914869604786732
-1.0745720908738865
-1.0848263699651475
-1.090978106265496
-1.108068325202841
-1.0779876419508125
-1.0882077655313043
-1.0653256878759911
-1.0526724309972313
-1.1731457066872588
-1.1574142496203863
-1.1758401071241824
-1.1430817060529406
-1.1466508889924112
-1.157184380102487
-1.1386125363014623
-1.1352264109384478
-1.1048741468290635
-1.0868254053607729
-1.082957151307165
-1.0601275797940932
-1.0645263039961523
-1.1128810409561907
-1.1127522305466289
-1.1256247082411626
-1.099368461158751
-1.0723747765471636
-1.070651028781692
-1.086944518493875
-1.0650750733089365
-1.0654243225758473
-1.0537700793500886
-1.0782323785565877
-1.0544500547710218
-1.0399055542233115
-1.0305064986810786
-1.0642014336942678
-1.047559419357325
-1.0260838251637519
-1.0548229869121142
-1.0232747570429932
-0.9950420094725632
-1.0450915893778374
-1.052640673484059
-1.0551142667492184
-1.0625631240817262
-1.0989374928409088
-1.1269481179124996
-1.1296786367333747
-1.161381850366041
-1.1267680318623805
-1.1065003515437568
-1.1204353480283191
-1.1032309945480359
-1.1761986846025554
-1.18443669775653
-1.1725923307789645
-1.2838664074711745
-1.2720277433964626
-1.282307465962498
-1.305484391302873
-1.2844295473898444
-1.262585251915946
-1.2589593993967867
-1.2293698054028188
-1.2560761073487905
-1.2345153462753027
-1.2171701928125498
-1.2079984908844241
-1.17791850597558
-1.1531393209158243
-1.135607927706666
-1.1132518484295995
-1.228119329945303
-1.21783813664585
-1.2046597552793916
-1.1766131577265977
-1.1988470261493318
-1.1948585558878384
-1.1719099703289602
-1.1621908706256705
-1.2325689619194136
-1.2192432723002193
-1.207050839577217
-1.1869803311814449
-1.1941105278696302
-1.1931694225909337
-1.1942377283650245
-1.2202953510813743
-1.2470923975705606
-1.227621473594855
-1.1973452588589064
-1.1853718062703174
-1.218518088207614
-1.192332907325538
-1.1634095782522826
-1.1557754824697597
-1.1672177276450622
-1.1565455503686117
-1.1449800948649256
-1.1575302939162764
-1.1939549909771137
-1.1880154410673425
-1.2321352866566688
-1.2008139337901023
-1.1678057944522013
-1.1461277365076794
-1.1546664591426026
-1.1861197945511766
-1.2282585966056647
-1.2249760106396081
-1.2397262505332123
-1.2293289880278802
-1.2840356981476013
-1.2551953411661252
-1.281643387754464
-1.2658269538769193
-1.2751686843381502
-1.3124169974947688
-1.354292827519821
-1.3297498992446228
-1.3674524002521766
-1.336777876249655
-1.3264100974871582
-1.3071459965122867
-1.2890745365471639
-1.2701837911816922
-1.2674819532698753
-1.2388071337371767
-1.3614190623998046
-1.3348048717758065
-1.3224568230580482
-1.3312322548274678
-1.331919932279193
-1.353600732956401
-1.350064725626837
-1.3455640783705687
-1.340108437586863
-1.3557073532109942
-1.3651502796788841
-1.3364987768820953
-1.3591337891132744
-1.3535424512221417
-1.3270070267099203
-1.3237369564428212
-1.2974995868783932
-1.3095245910096094
-1.2804293450995132
-1.2596250516485181
-1.245028801132033
-1.2705785131207126
-1.2968727279895054
-1.2799040007096103
-1.2531049607025142
-1.3145739110954888
-1.341428171984534
-1.3330138902646889
-1.344683751362042
-1.3532369138484215
-1.342704544709937
-1.3172774992628378
-1.3251047242702092
-1.3128536770275072
-1.372725140257232
-1.3339978888546598
-1.367657909966113
-1.3479813308664519
-1.3715015175577874
-1.3477865023822095
-1.3413086373583876
-1.3428955509848035
-1.3084665954749555
-1.2953819295202058
-1.2694281102250038
-1.3137338291227536
-1.282596490831526
-1.2697705259232106
-1.2700728206639786
-1.2493720924573388
-1.2338783715327655
-1.2085395878174379
-1.2134541919392636
-1.1943196500198712
-1.1763764535196723
-1.1616126889844756
-1.1299965620946308
-1.1446965964736846
-1.1332496305089477
-1.1169171342038582
-1.0837479628618196
-1.0669104832332015
-1.0562413784008695
-1.0746789646168606
-1.063932174970692
-1.037292853220985
-1.0219199246887753
-1.0047007254418876
-1.0136537181874687
-0.9995171810055941
-1.065522009195538
-1.0478667891035827
-1.054388121212547
-1.0208442400004216
-1.0186357976004174
-1.0424494396244133
-1.0290249452281692
-1.0337346957758877
-1.045397348818129
-1.0519433753299476
-1.0214239415766482
-1.0662097021608816
-1.0775476051392727
-1.2277721290878798
-1.209494407797001
-1.2933994637190307
-1.2764654690818404
-1.252700814391022
-1.284173806247112
-1.2513320681846407
-1.2478187475027942
-1.2383405600277664
-1.2309571544274887
-1.2526475828832138
-1.2261211070543816
-1.216859895983838
-1.1996912970239997
-1.1686943840537598
-1.1490074402132222
-1.19451736581109
-1.1755721921529791
-1.1688164702314492
-1.1651283055291346
-1.1524770224738434
-1.134952252249105
-1.2346027297266136
-1.2122567024293474
-1.197134135405054
-1.2131627940510035
-1.2020311661104934
-1.1650108544493887
-1.1513607459048947
-1.1288471384458458
-1.1135586670613873
-1.0964230803907733
-1.1664588495868653
-1.1997942610909966
-1.1967963184800865
-1.1868283552952856
-1.2379600717423327
-1.2275804710249094
-1.2323046663146604
-1.2369816196515138
-1.2476118034549988
-1.2381356854204488
-1.2227543285662443
-1.219526785280582
-1.2313315174277761
-1.2140182022534984
-1.2048780202309635
-1.1888292400286538
-1.1679409476283673
-1.1562615381520835
-1.1406989227705626
-1.1442919335428572
-1.1288490142074286
-1.1125605240653544
-1.098434918824701
-1.082450569636454
-1.0556260639400894
-1.0430698033006884
-1.0126391052676815
-1.0105127142150048
-1.0014075870728547
-0.9923935112021262
-0.9734695760901049
-0.9547348803292038
-0.9401875315259118
-0.9237856562106527
-0.9025477996485461
-0.8945223216520607
-0.9005770984355401
-0.8685713274511847
-0.8648856141766729
-0.8382367580349062
-0.8158543904545571
-0.7886958465500115
-0.7718088880845113
-0.7520907992036662
-0.7505698912116295
-0.7380641922995133
-0.7306835503765181
-0.7063767148727529
-0.6763129477240253
-0.6885498182467851
-0.6776643200643172
-0.661887676863674
-0.6452688000950373
-0.7478161120940867
-0.7393379509731458
-0.7399445714634143
-0.7665451257487802
-0.7748796744912924
-0.7801308777463795
-0.7773295689689157
-0.7565562732792265
-0.7969907105464341
-0.7800208034409698
-0.7822205954065601
-0.7723983894524945
-0.8636744055579693
-0.8650376615023896
-0.8833872848873657
-0.860553412038492
-0.897947877918107
-0.929968399138926
-0.9676687151475367
-0.9379920279960613
-0.9276121077161007
-0.9263359866389397
-0.9340726267725503
-0.9717319005048247
-1.0030145814997764
-1.0059844356847787
-1.0079245913279309
-1.0098453454146517
-0.9927468919605051
-0.9828194230409001
-0.952991228810491
-1.001461316522386
-0.9994467033571621
-0.9744522363235905
-0.9667077139603546
-1.0860406368207507
-1.122180230452543
-1.1029584281480176
-1.1079288438665373
-1.0828495554278719
-1.111021059873593
-1.0939517407821087
-1.1530122233742874
-1.1344821011405446
-1.129137280129139
-1.1068459073278478
-1.1057774482545693
-1.1067196737720235
-1.0986524770343031
-1.07066595226396
-1.0959592927413204
-1.0799996998139074
-1.0831997028157683
-1.1073677057876106
-1.0852940287297346
-1.0774410884424372
-1.0936666775580128
-1.1207300107824327
-1.0905227106746085
-1.0696174835678625
-1.0549213087321838
-1.041372095644862
-1.0199583746884135
-1.0037587909415293
-0.983721203032114
-0.9648839910017928
-0.9562351510917748
-0.947672799580857
-0.9801960715850484
-0.9863941108691979
-0.9705301697605059
-0.9578248680629008
-0.9302466193822717
-0.9929441531884489
-1.0000147116565643
-0.9750145645399987
-0.9692644188945987
-0.9765717747056527
-0.9598060569585961
-0.9362079963890101
-0.9168459164251199
-0.9106774572608687
-0.89457068268826
-0.8976249758613775
-0.8886487261027637
-0.9337622388417358
-0.9104246164533184
-0.8773203702887852
-0.8685471665858974
-0.8878616949200384
-0.873983077970838
-0.8602432471911295
-0.8566408147192183
-0.861074406572026
-0.8584636625063058
-0.8548790258812428
-0.8713302356224304
-0.882616933266206
-0.8517907639335439
-0.8412728562942084
-0.8638601277312664
-0.8472215264539538
-0.8237493111894142
-0.81551181807752
-0.8343566998967449
-0.8280131328977774
-0.8027330015687997
-0.8267056715531117
-0.8304386148375806
-0.8511342286892049
-0.8346228864023127
-0.8132766575382896
-0.7911438909629067
-0.8002324520532776
-0.7922301275327449
-0.7753078262574175
-0.8145547479948432
-0.8044092005148947
-0.7833651085097457
-0.7655314574246482
-0.7868761428504017
-0.8670073814218976
-0.8573373076076786
-0.8407639345316018
-0.8373562951862857
-0.8619827322344229
-0.8783629049120787
-0.8585792758629579
-0.8299934831043283
-0.810693548273285
-0.7915866127905521
-0.7856707466626466
-0.7728140391960201
-0.7450858988040598
-0.7446350398160192
-0.722188689417859
-0.7329668025236804
-0.7166371344984436
-0.7354707631534592
-0.7261160555219246
-0.7148548949667053
-0.7167063460170382
-0.7155392825568678
-0.6923838897312992
-0.849460050833986
-0.8469654503256462
-0.8424957958223898
-0.8520708378641658
-0.8275501294855241
-0.8052746281906689
-0.8082218819087622
-0.7971396630896745
-0.8121682664587778
-0.83104658379419
-0.8327361179562481
-0.8234087567766857
-0.8791746692089187
-0.8733829225168296
-0.9106490932916612
-0.8995426023587446
-0.8805471763351571
-0.9017417045718056
-0.9057242875260876
-0.8956670446508267
-0.9047103742043184
-0.9156632704622752
-0.9045066377576525
-0.882461571380076
-0.8606369556662752
-0.8640305861096125
-0.8983902802485163
-0.9134063774460311
-0.8902723136715708
-0.8803695905348551
-0.8595658946295065
-0.8519702356832114
-0.8484505333263793
-0.8319660279931155
-0.8236463677131843
-0.8474099040360525
-0.860935804995692
-0.8853264469457351
-0.9044731824762778
-0.898428450651515
-0.8814441661449999
-0.8706297244835499
-0.8599234272387144
-0.8473241929663272
-0.859850951036664
-0.8462524415262973
-0.8297899171110343
-0.841492017939924
-0.9840770977605244
-0.9682363267829192
-0.9655539635150899
-1.0078984238799389
-0.9928194396411395
-0.9958912452447282
-1.0189323327922808
-1.044743009464358
-1.0572955793697143
-1.0507226235760172
-1.075215397340257
-1.0564632433668544
-1.0418986109331858
-1.021479624823854
-1.0582648285756153
-1.0616821802898593
-1.0480653584869608
-1.0495847049020912
-1.0420888578530703
-1.0266679692745397
-1.0686472766859765
-1.0349608039191167
-1.0196111958799257
-1.0804150839211264
-1.0906109330819151
-1.069704823751096
-1.0640077755135848
-1.108367697758449
-1.1252840207808645
-1.109031180573056
-1.1069408687673254
-1.0918714600796522
-1.0909527454788557
-1.0910432180240672
-1.1001327858438266
-1.0901314579853882
-1.194230143405534
-1.1802878419714786
-1.1584849635517638
-1.1279001139162461
-1.2466211127770832
-1.2381549016493123
-1.2077733526328192
-1.2046956191064908
-1.2266486629154258
-1.2373821762862716
-1.2490083545234087
-1.2555182709781747
-1.2739630882683928
-1.3052234573857089
-1.3281712228118518
-1.3568895105837333
-1.390320615477896
-1.364417409323117
-1.363773235229886
-1.351135502877587
-1.3306241478488112
-1.3283179063703232
-1.30403472730662
-1.3269943800335537
-1.3437244362332181
-1.3662871918708859
-1.395624319952177
-1.4006680767526554
-1.367661395985129
-1.3929847820252776
-1.3590549342050249
-1.3734643848629746
-1.367729741014345
-1.3790524436042015
-1.4522619191681592
-1.4237392999764775
-1.4815019069767126
-1.5226868879069453
-1.5084600190278756
-1.5263754188375969
-1.524111664649221
-1.4988705480027287
-1.4728818425227015
-1.4771530240974746
-1.5823814938564995
-1.5845576789179345
-1.5947121021287551
-1.5957649811074675
-1.6248073312963927
-1.6395592579834286
-1.6231636654035944
-1.6339320287495582
-1.6185927084620628
-1.5954067813774422
-1.5674527135636678
-1.539778186428031
-1.525380404563751
-1.4961266005181133
-1.481165334512932
-1.491353681167803
-1.468440144356125
-1.446755742912564
-1.4292881854834383
-1.4309953036286038
-1.4426853505923178
-1.4232584970863948
-1.420025912115531
-1.4108256529943757
-1.426717396464432
-1.4124502224997877
-1.3823257202747898
-1.360502463072042
-1.3498974384413216
-1.3243984640569084
-1.3071544794163392
-1.275082934622176
-1.2403321052759542
-1.2239287842231945
-1.2126894963809627
-1.2115626014171532
-1.1874469754029817
-1.1595725056489519
-1.1279767805924623
-1.1376970127865378
-1.1023200426586723
-1.1142968422320858
-1.087153873809765
-1.0642823350716673
-1.0556395117209505
-1.053083116603741
-1.0375522854377037
-1.0411767625833266
-1.0417649949574932
-1.089347345007918
-1.089453871557839
-1.0765593328422607
-1.0577937395138381
-1.0592158021186997
-1.0406236440975127
-1.0062174076565376
-0.9921552335799722
-0.9722336812441724
-0.9535113444317307
-0.9369762309874133
-0.9146064686775391
-0.8824604039907638
-0.9126357999508562
-0.9165094419513476
-0.9123443475318341
-0.8922209040565158
-0.8662986950159506
-0.858635708065791
-0.8390493509851331
-0.8266588574752818
-0.820392268900529
-0.8091883462115237
-0.8620964627494084
-0.8594754981219144
-0.8638807431406952
-0.9122419357092881
-0.9261195163521952
-0.9438583211886733
-0.9514197379767866
-0.9639055405970187
-1.0182664851910483
-1.0280838203391378
-1.0168029821357465
-0.9846349523143889
-1.008788602791245
-0.9957007167633325
-1.0027437095956993
-0.9747162724997422
-0.9789691097747448
-0.9781794186769974
-0.9613976244902275
-0.9457836482453252
-0.960325811762872
-0.9617225536452433
-0.9791053281087909
-1.042314274827703
-1.021891132079426
-1.0356722207586317
-1.0113154985510453
-1.0382023435655348
-1.0438203201298795
-1.0293821169285806
-1.0050882957592948
-1.011037412801702
-0.9919270386736848
-0.9770077682869479
-1.0282376906040782
-1.0449553136980376
-1.0165057605610572
-1.0623407029554466
-1.067717295925892
-1.0400401229666332
-1.026639721736967
-1.0263733245195972
-1.019109591274401
-1.0749184953616568
-1.0851693104080402
-1.0943176173039597
-1.10837444113092
-1.0932906967196108
-1.1223577897524146
-1.1131342118548904
-1.1640028697363414
-1.144362841038978
-1.128919212628588
-1.1276300205023022
-1.114353720297279
-1.167210183094306
-1.152538081263363
-1.1520127004507292
-1.152492573446222
-1.1249676477117596
-1.1357179712346421
-1.1493607915222956
-1.1388671836070727
-1.123478511771002
-1.120243726653292
-1.110041289386759
-1.1159408764928915
-1.1187814677279626
-1.126593653050683
-1.1223277165201764
-1.1261044393549746
-1.102843394961425
-1.0908149610118105
-1.0659068114016923
-1.0602477432876753
-1.0426452658547987
-1.0802188131962507
-1.115416625064288
-1.1442624588136452
-1.1138198342255088
-1.1026816358832536
-1.148654819524421
-1.1841682713291768
-1.2063265886158852
-1.1822633227297263
-1.1894406895024292
-1.170546282607405
-1.1658408197813308
-1.1711824115835174
-1.1704705874676824
-1.1597658815930056
-1.1311682227770756
-1.1478565405493049
-1.138377975143812
-1.1839941953923736
-1.15915425343845
-1.1555627109040656
-1.142007083795025
-1.1785870129570748
-1.174801142827504
-1.1700531313992288
-1.1773526000852366
-1.1645790740843842
-1.1339332833435405
-1.122593950510105
-1.093368011005004
-1.095434330894954
-1.0974799875860044
-1.0905051877101444
-1.119600135833043
-1.1014041344747125
-1.0853900931299656
-1.0555361921986661
-1.0559808302766793
-1.0354210219739126
-1.0100668117541736
-0.9899661436366318
-0.9740664822002655
-0.9623258173782628
-0.9317025592044802
-1.0313855336124351
-1.0570716782763108
-1.1135009614935476
-1.0943659518786122
-1.128422292359826
-1.1381380694362278
-1.1197566887418655
-1.1165591218544468
-1.0863935306359025
-1.1415295953295432
-1.1301142993762479
-1.1018131563824856
-1.0937950248186605
-1.061857074570474
-1.0372385038247693
-1.0298661187865215
-1.0195674575986562
-1.0353717830226696
-1.041018065192443
-1.0226078845405187
-1.0413818056951136
-1.0249679876381625
-1.021718307761781
-0.9965011246841632
-0.9945361134373215
-0.9735907523029482
-0.9438548447799188
-0.9444162963321195
-1.050972133368798
-1.10746241203511
-1.107387787914759
-1.1083139100356112
-1.146230770935255
-1.1447684632259025
-1.1603207785936434
-1.1587175708077069
-1.13813039509963
-1.1157490911486339
-1.1315916002371476
-1.1582756842347761
-1.2786929273924281
-1.257905998118504
-1.2903269381373188
-1.3224236687559456
-1.3531994320683862
-1.3186674377477023
-1.3104807633702253
-1.278375955736523
-1.3275921961791577
-1.3313162742173663
-1.3080031114751927
-1.3209230803604408
-1.3047138495568364
-1.3086667110612682
-1.2885800439506556
-1.308694243511149
-1.2916073010760376
-1.2836912280652772
-1.2638543157846245
-1.2562157726267784
-1.2266536149005107
-1.2463870787515057
-1.2289232079639907
-1.2136339758843508
-1.2514976361255075
-1.2339826597642525
-1.21764283316661
-1.192466404834944
-1.1805417407865946
-1.2487363233787285
-1.2482489601449414
-1.2317664705434919
-1.245448805838057
-1.2509943177796765
-1.2254843746018798
-1.202229530855861
-1.2182072355473024
-1.2110251631918292
-1.198914911559911
-1.1699257624443118
-1.1862265048198686
-1.15736423977167
-1.1487905973739532
-1.1313026914002136
-1.1399896644862115
-1.1035897678413495
-1.0795538701629361
-1.1037583314613066
-1.1057207481466937
-1.1426635406652268
-1.1592369052585745
-1.1296445362059888
-1.1333480908439288
-1.1620146099354896
-1.1823944638361348
-1.1755705191977732
-1.1708148140057957
-1.1781066658657378
-1.2103255992070805
-1.1962223432150096
-1.2002601197828595
-1.207257518585031
-1.2111849433991806
-1.2550730939651888
-1.271522363025537
-1.2698071393952817
-1.2731090680013288
-1.2703779773213155
-1.2496741975481023
-1.2421774555726213
-1.225755681016895
-1.208498124206726
-1.2164131429646587
-1.2332490115350123
-1.2489165214196623
-1.2414273562054654
-1.2160130826434108
-1.2238529518169767
-1.2106144222988071
-1.193508278075819
-1.1635731952950608
-1.1309374633421103
-1.1146280887086892
-1.1174818078216024
-1.0963069897433864
-1.0823439198459526
-1.058520480647493
-1.043935275841018
-1.027495923082608
-0.9992209638517819
-0.9832287542132641
-0.9683964666711314
-0.9687125020044202
-0.9370253769843759
-0.9126551232145321
-0.8925285719823868
-0.8756032862625629
-0.8778472533999373
-0.871068780865938
-0.8813580930572786
-0.8785445121267058
-0.8667590670054387
-0.8450914763353843
-0.8496405615720305
-0.8751441559563102
-0.8623927143967471
-0.8547687872527797
-0.8642210993802519
-0.8715788883864494
-0.8688630995025849
-0.8451744685075591
-0.8547227238224835
-0.8471754965842586
-0.843703741618416
-0.8792667042022317
-0.8574740371602094
-0.8538992967886073
-0.8393603038207212
-0.851966700782514
-0.8454470337746889
-0.846992563436942
-0.8245226378025725
-0.8442774114245468
-0.8268346373103014
-0.7965662909371983
-0.7716006280278264
-0.8008846217475482
-0.8118757755300727
-0.807757017774772
-0.8336794475970244
-0.8113426531210541
-0.8112292265898436
-0.891116934323945
-0.8902057649807056
-0.8923037073308985
-0.8713806702575895
-0.8806668635550136
-1.0498601949194633
-1.0353615929702686
-1.031007977040566
-1.0206978972701604
-1.0624909182974587
-1.065866009114484
-1.0832073490233391
-1.1533752755331055
-1.1498415227777745
-1.1393431075499967
-1.1189496764744968
-1.0957601797097518
-1.0938025779126543
-1.0818645521335277
-1.0670459066121925
-1.0513754475460706
-1.02386169307061
-1.018623076139904
-1.0144368453785049
-1.02529247692472
-1.0240395521554728
-1.0147991566339183
-0.9846511650675791
-0.9838046534169033
-0.9819666068827342
-0.9761469408139068
-0.9633854714057678
-0.9557516166917102
-0.933194100524793
-0.9238621595195451
-0.9056235379243496
-0.9275673025451061
-0.909291629519655
-0.9301987132244585
-0.9198967260922138
-0.9206977588312917
-0.9174907812429788
-0.9443158734305489
-0.9318727146962434
-0.953553987549281
-0.9650184476737882
-0.9963682631970503
-0.9844045805650797
-1.003560534759429
-1.0045249294118346
-0.9924796801177163
-0.972554883316539
-0.9538293344833736
-0.9642910411385399
-0.9446481307271545
-0.9152016494198829
-0.9010496329256841
-0.9080391365964272
-0.8889587452304629
-0.8850691577781583
-0.8882184662003767
-0.878336281538373
-0.8825529187229892
-0.8677273895357593
-0.8440501156404018
-0.8186096144839977
-0.8024235183391577
-0.7833992831557661
-0.7615652903242084
-0.7459496374209663
-0.7554901410467567
-0.7639352396362892
-0.8112958872399262
-0.8141829283675269
-0.8050410990838517
-0.8549906880930132
-0.860440781212083
-0.8548363733999622
-0.8812880096659627
-0.860475129569303
-0.87887037827361
-0.8810816744908739
-0.8912708577459652
-0.9583581491685054
-0.9917745676768203
-0.9928568220000521
-0.9619282537800515
-0.971308971242251
-0.9835958815298285
-0.9617599227145301
-0.9631423234873848
-1.021510900252511
-0.9992957912499858
-1.0573028333374859
-1.030729805004111
-1.0174225069540699
-1.006248281884529
-1.0011857990656838
-1.040173941075027
-1.0227722016642768
-1.0005444796476342
-0.9805390348511578
-0.9667336445026462
-0.9530663080576197
-0.9185356449770435
-0.9083502885272731
-0.9122667856420004
-0.9131441177855804
-0.8960126766077245
-0.9010525498416473
-0.9600420243432306
-0.9374416040997983
-0.9860671880588002
-0.9782065161782122
-0.95042445101643
-0.9249202065062657
-0.9116710044412031
-0.9455542943967911
-0.9440987514528232
-0.9326577639382949
-0.936331186298912
-0.9249678744359229
-0.9167181956915637
-0.933551013734648
-0.9472155035973016
-0.9567433485613286
-0.9561759150757153
-0.9356141559249581
-0.9192580143657085
-0.9020654342220514
-0.9390447798798308
-0.9426543320810326
-0.9652277887602222
-0.96557551087262
-1.0119197557638937
-0.9958005582062548
-0.9918425526241923
-0.9599241270979504
-0.9473248858269708
-0.9448516369687011
-0.9224031205990141
-0.915179089393024
-0.9390272984990937
-0.9426370255141028
-0.9522106552589618
-0.9162316632193084
-0.8970693465871152
-0.875098653121244
-0.8593476665900316
-0.8507541899241313
-0.83324664802489
-0.8099141815446411
-0.7928150397291946
-0.7848868893319026
-0.8010380204385836
-0.7840276402341978
-0.7811873638318558
-0.7683754901935372
-0.7676917352916018
-0.7700148179386859
-0.760314669759299
-0.8327115230617058
-0.8383844078310888
-0.8550005637527779
-0.83145055811525
-0.8401360525340975
-0.8177346920087565
-0.7895573450886689
-0.7636617716377823
-0.7500251539214045
-0.7725249023821904
-0.7567996533583685
-0.7712316568247849
-0.767519340256537
-0.7438441468539716
-0.7284057053854319
-0.7101216483315775
-0.7370204318482618
-0.7126502275297791
-0.7605237252544813
-0.8329184880019364
-0.843589303121917
-0.8681534100906979
-0.8574718759897909
-0.874897157229893
-0.8841481856575941
-0.8713067038010182
-0.8735936367630079
-0.8588577003953779
-0.8392691233914241
-0.8328764321575098
-0.8235476678359347
-0.8283121911575754
-0.8260290692459996
-0.8657687785535395
-0.8491110907680041
-0.827619979860324
-0.8183437800617207
-0.7951603422611034
-0.7952087388384924
-0.8442566514501074
-0.8428140849356064
-0.8233859440862503
-0.8001520846453878
-0.8251505637989339
-0.8088990581609445
-0.8618100675793349
-0.8871919669035415
-0.8613200472345061
-0.846706846762161
-0.8322397782945394
-0.804917380511594
-0.8748682067064779
-0.8971195246394131
-0.887148329393019
-0.8872768460990889
-0.8974040776380979
-0.8744300368617169
-0.8686857364930998
-1.0039988791281684
-0.9959588903368868
-0.9749993014335179
-0.9772493084191827
-0.9864768153349909
-0.957612047181641
-0.9300359267098245
-0.9037355674427262
-0.8816982117682989
-0.8568812296506159
-0.8473124173541097
-0.8408392931805686
-0.8204309002487629
-0.8492265912462753
-0.8357343253338125
-0.8583769820804744
-0.8857932122596697
-0.874935280137073
-0.8691859273357022
-0.8504940680623452
-0.8339891273817217
-0.8326492361079045
-0.8133227437468254
-0.7931895163093572
-0.8432576211462636
-0.8198250449348009
-0.9106267944854527
-0.951520526540598
-0.9610053212751921
-0.9263952680624402
-1.0031313153818155
-0.9981000022279974
-0.9841190022057175
-0.9912778121836603
-0.9673650340618236
-0.9396913837212053
-0.9422944698839932
-1.0068715251851532
-1.0118028099333018
-1.015684781833969
-0.9945279340156291
-0.9775826546754728
-1.0068068281287181
-1.035738759847431
-1.0873813722489565
-1.057507558526467
-1.0749324829412024
-1.0661831581117904
-1.2335213265306724
-1.2201861132653657
-1.219984252132712
-1.2457844096113848
-1.228326565515271
-1.2010432998601184
-1.2290328668615171
-1.236742538192902
-1.2923751128109728
-1.3314513616828632
-1.2971368480660346
-1.3121654795853743
-1.3510438247895207
-1.3535333865416255
-1.3659980526762092
-1.3273380721494472
-1.3170646914279527
-1.314894044513673
-1.3027451040685363
-1.3267176530278508
-1.3314504764975723
-1.3521359717325967
-1.3536146120152706
-1.356078465895118
-1.3285176812361668
-1.330232504423805
-1.303930179379567
-1.2688908775857712
-1.2792019688099134
-1.2864099491218144
-1.2825458496305964
-1.2897203911342905
-1.2598231872229477
-1.2392249553507182
-1.3848327057972107
-1.3789843787392386
-1.3721945349518463
-1.3594725896023276
-1.3408778637063044
-1.3244690850692413
-1.3272243942185489
-1.3029521502763635
-1.2999226287735999
-1.3059234024858637
-1.2958641684610048
-1.2859055267763946
-1.2760464715086308
-1.2712860067935445
-1.361573146725609
-1.4449574152583526
-1.441507841105769
-1.4410927626947112
-1.4166818350677641
-1.3815150167170867
-1.3576998665499158
-1.3881228678844166
-1.3572416392055726
-1.336669222813517
-1.316302530585382
-1.297139505279528
-1.3361681102267329
-1.3138064291244655
-1.288668364833221
-1.3127816811848887
-1.2996538643730398
-1.2816573257293093
-1.2568407524720162
-1.2352723449472962
-1.2089196214978233
-1.186830425282845
-1.1699621210300166
-1.2062624998197164
-1.2141998748215193
-1.1870578760733042
-1.1971872973125712
-1.1912154243394455
-1.248303270096051
-1.2498202373950904
-1.2603220350211395
-1.2567188146709283
-1.280151626524219
-1.2633501102589768
-1.276716609156387
-1.2519494430648233
-1.231429948634175
-1.2101156491478335
-1.283014492656355
-1.2701843477297914
-1.3364825042524933
-1.3351176792099684
-1.3147665024178687
-1.3026188373936902
-1.2935926490197533
-1.2886567225295558
-1.2797701553042602
-1.2509724537512175
-1.2884627292137054
-1.2805781019215683
-1.3327723209023525
-1.332444597693329
-1.3071201517163957
-1.2840489501992318
-1.2822084606972397
-1.2713863760902673
-1.2426725123293645
-1.3112457872060705
-1.3361333293340099
-1.3867719960406695
-1.3709042760802628
-1.41719523331946
-1.4180232809862654
-1.4528430481764028
-1.4483146176946387
-1.4858314715176921
-1.5519731568025152
-1.5224534252344901
-1.540228890982145
-1.5208266020723236
-1.4986183360516003
-1.4586321526910844
-1.4490458311641736
-1.424555372852532
-1.4093098191240068
-1.3832167209327666
-1.3793845537234388
-1.3705907081862043
-1.381884801104342
-1.3510659530932987
-1.3215552935623658
-1.2973397406267422
-1.2763663432204748
-1.2546026797882701
-1.2350566529903875
-1.2187060864604835
-1.1915190255958787
-1.17060383533992
-1.1738977969865207
-1.1761588190166556
-1.1753972308264893
-1.1576432585182244
-1.159066825933042
-1.1434761576737116
-1.1890413960969743
-1.2311509821360045
-1.2578394723146444
-1.2482610775914982
-1.2277784668155831
-1.2345006821474271
-1.241155675325953
-1.2387441185726935
-1.2123566773869665
-1.1902331106130968
-1.2113307795069657
-1.2972174717118958
-1.2982452969947769
-1.314262844024829
-1.3271202155845807
-1.332849013428735
-1.3425205232944477
-1.3450953180615033
-1.3186443648808883
-1.2924579212320795
-1.3415333420197586
-1.334118008599561
-1.3117768285135654
-1.29565906022843
-1.2927024696261455
-1.2977754449298842
-1.3657976904805853
-1.3491397135757794
-1.4066483164400214
-1.4015818332756211
-1.4025660149428651
-1.3965403547934365
-1.3775749512455022
-1.3667992017330473
-1.350131209715717
-1.3396298976185597
-1.3382335986423741
-1.3428512626559503
-1.311422750029391
-1.3713085225290966
-1.3585954373038056
-1.4010094829307673
-1.3979993881014599
-1.3920193942204453
-1.3720992002782408
-1.3463782082754585
-1.316914426192704
-1.3097452819307769
-1.301647829111469
-1.2986313508203544
-1.3696450373121507
-1.3489485869390292
-1.342459101069639
-1.3510345100589425
-1.3455241649583531
-1.3650689233087696
-1.345418234075682
-1.3489640517349253
-1.331474411217576
-1.3141596671054003
-1.3130180704343464
-1.280887889730003
-1.255079010832703
-1.226528220724376
-1.2172629385171323
-1.2120903091319608
-1.214969406040641
-1.2298197119802348
-1.2185215148604325
-1.220336299711828
-1.2341329367147098
-1.2107916073475629
-1.2026836912740873
-1.1796568543613464
-1.178860285817733
-1.1500716829595559
-1.1595709661299605
-1.134975256468661
-1.1516255039039744
-1.1491092488649348
-1.1676181563762855
-1.1609419748125227
-1.1463325550643977
-1.1788692295137537
-1.1590805372186161
-1.15448973184643
-1.1359448345279657
-1.119585386182686
-1.0973895323208593
-1.0804156369976508
-1.0596114806276742
-1.0560153658213975
-1.0504552121631836
-1.0269506600415519
-1.0376811534411365
-1.0083043419067252
-1.010221298487658
-1.0141190855027813
-0.9969778946477535
-0.984008115701276
-0.9691680345442633
-0.9654763541988206
-0.9608215906568324
-0.951213374750264
-0.9847012410027614
-0.9638542285927337
-0.9522156863068064
-0.9206935294437383
-0.9024865941493009
-0.9324617282078079
-0.8991371109257298
-0.9011457398164725
-0.9041342824183077
-0.8870929395941246
-0.8832220101981834
-0.8663897900962015
-0.8437258921952395
-0.8892886332732871
-0.9093957469405543
-0.9233017894711487
-0.9330687715764372
-0.9137380838606728
-0.9056007030220661
-0.9145446959918454
-0.9343992490319268
-0.9470552565416076
-0.9235847039761915
-0.9033488569364296
-0.9623153683670653
-0.9646922146833947
-0.9530452925365608
-0.9565148396111952
-0.9589496912150832
-0.9443601943029324
-0.9519165923599031
-0.9323974264363041
-0.920073452171941
-0.9148727176502216
-0.9107239904737194
-0.9056167505689823
-0.9575605830632923
-0.9589849772326594
-0.9563951274603328
-0.9598311761857296
-0.9942328644238723
-1.0012905357796336
-1.072277630421837
-1.0685548541176186
-1.0638693055764425
-1.055230612520678
-1.0616783063954711
-1.0680615233315163
-1.097380908098201
-1.100407099017219
-1.1224030280270467
-1.1191789977467763
-1.1249872077693086
-1.1317373356916156
-1.1344199623346995
-1.1210757627113526
-1.1048650050842392
-1.100816355033397
-1.0758081914830628
-1.064050109568232
-1.0444096084725498
-1.0149655123878245
-1.0018158572639464
-1.0607976986913068
-1.0731897217043938
-1.0684578244873497
-1.0867732462424764
-1.0809055137800516
-1.063096458642251
-1.0654654940558288
-1.0558108391152703
-1.0412527307241175
-1.0368402034168762
-1.0484718013827075
-1.0369870833688806
-1.039617212535192
-1.02922104040984
-1.0139288300057419
-1.0297895417056844
-1.0174916462886274
-1.011316729825741
-0.9802035625274835
-0.9664015269022087
-0.9577375116331867
-0.9401601365168548
-0.9457585351516863
-0.9263009498001694
-0.9370379403021677
-0.932667560899146
-0.9753408852901545
-0.982587476437253
-0.9777616016728804
-0.9819839856561516
-0.9551641457995901
-0.9446125043415942
-0.9391663792981783
-0.9307747155051964
-0.9044669683501444
-0.8764222986666429
-0.8676580756799764
-0.8829814949231767
-0.8691516799739449
-0.8914601631742055
-0.9005455615424635
-0.9015401059270388
-0.9235247048677685
-0.8982894578190908
-0.8803065632408998
-0.9035034976084909
-0.930468462632406
-0.938163778006082
-0.9267821402260211
-0.9505143188237609
-0.9750091756355234
-0.9772590838791682
-0.9844864930403765
-1.0246416281099726
-1.0143952118288728
-1.0362512597105842
-1.0898887471134782
-1.0819898596423434
-1.07716996104592
-1.053398261435461
-1.0318642788211063
-1.0065456360328953
-1.0054801796725663
-1.0034253778758406
-0.9973911240970822
-0.9984172128561114
-1.0134330407275502
-0.9902987103202748
-1.023395723217072
-1.0371617659849013
-1.0677901483250523
-1.0571122468418017
-1.0295411243733839
-1.00524571312965
-0.9781932559983534
-0.9744113234383699
-0.9726672102039862
-0.9639405381019462
-0.9793011327209268
-1.0275081213937174
-1.0252330401797802
-1.0169807097779824
-0.9978109026802026
-0.9998327936534005
-0.9988344657168665
-0.9898461210596978
-0.9879476598491008
-1.0100681832506098
-0.9779675014181036
-0.9671878264039225
-0.9785159481398833
-0.9547307886584845
-0.9631834807718996
-0.9715516459641806
-0.9838361295045388
-0.9679977682094933
-0.9553177905273984
-0.9437646126221244
-0.9423269664959032
-0.9389036968309442
-0.9405146598626347
-0.9481095132640084
-0.9396284181313683
-0.9282321339500547
-1.0419498126105537
-1.0265303144844482
-1.0212650113396036
-0.9950523612262074
-1.0411018376139451
-1.0356908192378058
-1.0393339110454278
-1.0529405719349736
-1.039411166215624
-1.024017054553468
-1.0117768840079333
-1.0046591151678539
-0.9946125240161754
-1.0066663987760136
-1.0455997347882535
-1.018143737440371
-1.0249623000659673
-1.0337126770653078
-1.0443755502946548
-1.0169317947917083
-0.995762476843791
-0.9728048520753532
-0.9570768035545997
-0.9605060355190537
-0.9449009751638631
-0.9354519654122244
-0.9170974457581021
-0.886926471300521
-0.8840572065875159
-0.8542166345216406
-0.8716744681764242
-0.85995772349466
-0.9073581462597133
-0.8772845647971161
-0.889511719149145
-0.8616166019576534
-0.8320004359380769
-0.8396804315786962
-0.8332836272629093
-0.8609507909902802
-0.8543412830803774
-0.8307978702495736
-0.8374898915470779
-0.823114992631607
-0.7998838427052909
-0.817885004278238
-0.8357061542354556
-0.8953490926931009
-0.90439560176617
-0.9183516457485082
-0.8881681292910232
-0.899286447998113
-0.9052935835181318
-0.8872406476829505
-0.859368241206121
-0.8727745587940597
-0.8910468132061191
-0.8611363450740579
-0.8535249816233174
-0.8259897318070841
-0.8297298344890133
-0.8364325361441232
-0.8270682107826819
-0.8387975286748551
-0.8284095533881066
-0.8011254578542255
-0.7971142032756833
-0.8011430612429264
-0.8391316306304971
-0.8367403143241922
-0.8643729111809503
-0.9017291820691407
-0.8967118902484492
-0.8687447713459647
-0.8790573236325051
-0.8652667503961801
-0.8326140828922183
-0.8592879420632962
-0.8646950626426633
-0.8370481120162366
-0.8666776308960743
-0.8600108545871136
-0.8454107460412424
-0.84795663858083
-0.8714770721950218
-0.9547623014730714
-0.9352146784583406
-0.9518625316737572
-0.9393439063570197
-0.9469504672934496
-0.932480962620515
-0.9321561529943099
-0.9908345914643666
-0.985926245549723
-0.9980669830942257
-1.0020863132632836
-0.9840654501306507
-0.9882247956293442
-0.9623425476730507
-0.9497191221963202
-0.9442219309743569
-0.9337797116646134
-0.9484419145479672
-0.9249574954024875
-0.9277079204484626
-0.930430841243978
-0.9171265328315382
-0.9009552675032229
-0.9109457148281906
-0.9688362576799086
-0.9791478951031095
-0.9943564161520785
-1.0084128519905577
-1.0003287234706522
-1.0063254362359455
-1.067262181873586
-1.04458956005485
-1.0301436644543016
-1.0258422278097585
-1.0215838055316608
-1.0163679674763442
-1.0112042878015806
-0.9970922449235646
-1.019121322474329
-1.0199301092495856
-1.0127308081570896
-1.0116035000755186
-1.0164874650747633
-1.0183225904240156
-1.0461393645197754
-1.0316779708745776
-1.014361191165832
-1.0452175792541736
-1.0337654034616317
-1.0214277494270154
-1.0022134719327453
-1.010191337213418
-0.9770894238412836
-1.0253185296028706
-1.024065344306842
-1.0368246908637735
-1.033456443955136
-1.0101218795155846
-1.0030206607204288
-1.0539904541132243
-1.0344505495720921
-1.0121060440763712
-1.0199849836356074
-0.9997851337992514
-0.9897872824612589
-1.0548894096366461
-1.0453405155402797
-1.022887110384877
-1.0046582392810282
-1.0636116568882177
-1.0379755403193356
-1.030595784916142
-1.1062898270669805
-1.1062269287963107
-1.0891646595083475
-1.083273012913264
-1.0644402827841313
-1.0657958799562899
-1.1061379211567268
-1.1040765419451595
-1.101035776525708
-1.1180254187604508
-1.1358451645728462
-1.1434867129271176
-1.1950518457978463
-1.210101327339868
-1.2000003140664692
-1.1870003109258045
-1.1611303078165465
-1.164519004738381
-1.1568738146909974
-1.1303050765440874
-1.1170020257786466
-1.0908320055208602
-1.1279236854656516
-1.1156444486109949
-1.1644880041248848
-1.1438431240836362
-1.1334046928427997
-1.1200706459143717
-1.1258699394552278
-1.1346112400606756
-1.106265127660069
-1.1322024763834682
-1.1638804516196335
-1.153241647103437
-1.1797092306324026
-1.2219121383260787
-1.257693016942818
-1.3161160867733896
-1.3209549259056557
-1.2847453766465993
-1.2838979228801333
-1.2740589436513319
-1.2633183542148185
-1.2496851706726702
-1.2361883189659433
-1.2178264357762838
-1.229648171418521
-1.2233516897043357
-1.1891181728072924
-1.1632269910792195
-1.1455947211684272
-1.125138773956743
-1.1288873862171758
-1.101598512355004
-1.126582527231454
-1.1093167019591395
-1.086223534939548
-1.0633612995901525
-1.034727686594251
-1.0233804097283086
-1.0181466056310255
-1.0059651395747153
-0.9989054881789682
-1.0019164332971786
-0.9788972689642068
-1.0041082962745647
-0.970067213311819
-0.9803665411787008
-0.9595628757669138
-0.9709672470092446
-1.0882575745391518
-1.0983749987937603
-1.0853912488058226
-1.0745373363177644
-1.0447919629545868
-1.0743440433250409
-1.0406006028917905
-1.0231945968628726
-1.026962650894244
-1.0246930243853016
-1.0034460941414487
-0.9774116332000342
-0.9786375168680339
-1.0258511416993534
-1.00859263028236
-0.9915067039795364
-0.9975916369397411
-0.9716157205703436
-0.9528995633646402
-1.0293705677309937
-1.0180768620536838
-1.024896093433147
-1.0406471324988156
-1.0292406611738276
-1.0259482545620895
-1.0186887720164686
-1.005501884296304
-0.9824468654533409
-1.0066223967988075
-1.0515561728308194
-1.0370406111025112
-1.0876702049914861
-1.0657935029415713
-1.0921355679121554
-1.0842142122330336
-1.0723720701107031
-1.077648349409596
-1.0648718659155
-1.0692231472563452
-1.0705309157837817
-1.0628256066259438
-1.0431973505596845
-1.0207653770540877
-1.0285577232835468
-1.0042721460507114
-0.9842294245902042
-0.9703871303443021
-0.9806832590408591
-0.9878764264504505
-1.0329976621859458
-1.0446676855640864
-1.0062210087084456
-1.0241587986213612
-1.0029172106351476
-1.0108880385287962
-1.0407791581435082
-1.071371366562073
-1.061657652896452
-1.0310410763674875
-1.0257306656038128
-1.0204733589477748
-1.018268625358297
-0.9850859391047141
-0.972235079713667
-0.9705127289165303
-1.010807601627365
-0.9956995256110913
-0.9847425303549804
-1.0088951050514305
-1.0078061540009162
-0.9897280924609071
-0.961830811536298
-0.931212503420935
-0.9369003783867257
-0.9905313746028583
-1.0196260608568297
-1.0014298002482613
-1.0424155022457786
-1.016991347223321
-1.0198214337510878
-1.015623219413577
-1.0144669872194412
-1.038322317347247
-1.0459390941737745
-1.0194797032320368
-0.9882849061997164
-0.9664020571377192
-0.945738036566342
-0.9282806562006786
-0.9149978496386718
-0.889847871142285
-0.8569493924308621
-0.8803798985065535
-0.895576099521488
-0.9026203385262731
-0.9165941351410104
-0.9124281937896003
-0.9153039118517042
-0.9231508727331872
-0.9819193640058551
-0.9561001703657965
-0.9455391686621386
-0.9470837769755173
-0.938612939205762
-0.9502268098137044
-0.9347245417155674
-0.9573772962984117
-0.9298035233354276
-0.9275054881020733
-1.0102304332210523
-1.0051281288888416
-1.0110768475999532
-1.0349660791239537
-1.0156164183327143
-1.008460254149387
-1.005375651607893
-1.0013218950918141
-0.981308676140896
-1.0088506334856921
-0.9977621271508352
-1.0047845058793268
-1.0167366608205335
-1.0355692942123282
-1.020213601270205
-1.039011465257503
-1.023621350604928
-1.021385137098879
-0.99817128572789
-0.9831895728706112
-0.976357677141905
-0.982594100370486
-0.9867681593667812
-0.9759004777731134
-0.9711414729953822
-0.9654300582654284
-0.9557757576827741
-0.9782180001059464
-1.0294358201048868
-1.009141461903838
-1.0020500472847995
-0.9920295468119515
-0.987109251343832
-0.9912381588303937
-0.9983257772420897
-1.0593425194696686
-1.045749094274972
-1.1302916033322221
-1.1529886872989
-1.153458800425911
-1.1369242124216519
-1.1305549702974351
-1.1082494205944609
-1.106166926388516
-1.1301052571246308
-1.1188042045533846
-1.1486161625078506
-1.187130000882772
-1.1642587008739445
-1.184616113865205
-1.2117699527265529
-1.2476522531992873
-1.2191757306672943
-1.1999839733606215
-1.208984133627015
-1.2068942922907449
-1.2058253493678373
-1.178767095874159
-1.1849794249154173
-1.171129630666263
-1.1594183343596005
-1.1528241510160047
-1.1262959095058447
-1.1340329504107864
-1.1326926209066785
-1.1273656946976118
-1.107092037750636
-1.1010211173731295
-1.078010906199398
-1.0702307971374043
-1.0525284891660305
-1.0390032042743702
-1.0486131722316265
-1.0481270405093102
-1.049645770104217
-1.0541493124031747
-1.052607819279143
-1.0260817410863516
-1.017820923675488
-1.0046427144387333
-0.982596287294346
-1.0307703244214024
-1.0344626211771883
-1.0151179949654165
-1.0299668150157626
-1.041667146865605
-1.016250475396949
-0.9900879706429795
-0.9831870909365497
-0.9633552200271841
-0.9447216678269122
-0.9352744511486432
-0.9859217066371566
-1.029062489570785
-1.055771864675077
-1.0302141460283265
-1.0149120045680433
-0.9917628845223628
-0.9888452556771392
-1.0789568031203676
-1.1501672350891636
-1.128665562738272
-1.1123789071108894
-1.1722551180397804
-1.1365325668593826
-1.1161672411907888
-1.116005568778881
-1.175845513091092
-1.1480870579601812
-1.1406061873805793
-1.1202001255067735
-1.1259981242517059
-1.1547381430091888
-1.2001907615790968
-1.175188853963306
-1.168436965423673
-1.214752595769436
-1.2176050698117418
-1.1914290191136243
-1.2065147289224882
-1.2114495816332633
-1.1983350858169308
-1.1723517349587615
-1.148628217609174
-1.1581419354330822
-1.241560516078751
-1.2111449109179635
-1.2020334618087838
-1.214013127190696
-1.1908729959187891
-1.1739642659596015
-1.1592246233000056
-1.1266323770670057
-1.1473660532963357
-1.1338923927633724
-1.1225534688357386
-1.0913279341473812
-1.0724146548059073
-1.1336905082578481
-1.1283536031752697
-1.178070067143517
-1.1632893664720818
-1.141656472807361
-1.1142399080792873
-1.0980975089984946
-1.0791165339085096
-1.0443253685694245
-1.0438821148837303
-1.022443293734893
-1.0022188607975442
-1.0031966721895689
-1.0141647054676732
-1.0730230584129963
-1.0822928278288664
-1.046469899550578
-1.0600052005550722
-1.0864051485495214
-1.0835410970640262
-1.070705686093386
-1.0439986292324521
-1.0815586429401276
-1.0757430565107264
-1.0749856259456192
-1.097235769686163
-1.1052634119893012
-1.095210777869408
-1.094258670090714
-1.0693160833898068
-1.0596229225559086
-1.0310266933303496
-1.124716426397046
-1.1154692621330755
-1.1303145695117447
-1.1170114238166273
-1.1488413095784609
-1.1233528964826762
-1.1321193675178494
-1.2747981738426706
-1.255050192104244
-1.2444996901832017
-1.2520546932813696
-1.2845341463485558
-1.2716888048850703
-1.3229719168362195
-1.2987421976678575
-1.288754775691179
-1.2608672279342674
-1.251258555654925
-1.3137459700983756
-1.2946085103973919
-1.3686624252934176
-1.3599758010404834
-1.3563760430300786
-1.315812282599778
-1.3026541597737802
-1.2776276181760424
-1.296851341994282
-1.2748828285743392
-1.271134000288596
-1.24442266028571
-1.235978433682853
-1.2056186493460244
-1.189562462852564
-1.1706668382240386
-1.1529601698417982
-1.15943056814338
-1.120407899837327
-1.1082038208389537
-1.0861217826305642
-1.0742605648042587
-1.0545179591562162
-1.106972779564654
-1.0969030517690075
-1.1019340212513173
-1.1049146810388042
-1.129865534228416
-1.113566878886132
-1.0934312100972707
-1.0824968979962981
-1.1006719290163351
-1.1046652097261718
-1.1226185576289103
-1.103392372052621
-1.073358448332095
-1.0496248638487742
-1.0701286152102865
-1.0564273290581836
-1.0988630557676018
-1.0858744252099257
-1.0650156809578264
-1.0763655241482482
-1.0596018689067657
-1.042005850217698
-1.0335857917155211
-1.004249933798366
-0.9902074344603823
-1.0193053601157784
-1.0691123065146204
-1.046421183449474
-1.0189569716149796
-1.0587674018988296
-1.0461797278798413
-1.045717930601043
-1.1032607512950323
-1.141228143782082
-1.191815862344261
-1.1648977037208184
-1.1642487266836103
-1.1556062394167743
-1.1260501770226066
-1.2027896752523803
-1.1797617784998566
-1.168964160714858
-1.1682745191077093
-1.1375917739166324
-1.106215856177466
-1.0781536976156914
-1.0633721606395343
-1.035738439033139
-1.0403810546428076
-1.0779772440963795
-1.0931974716554158
-1.1152654969388616
-1.082112841969473
-1.0802917135497783
-1.0684887964142806
-1.1348039084501376
-1.1414558693656363
-1.12104131067198
-1.1348308975652601
-1.1134825885896076
-1.1193477627037116
-1.1171542850766745
-1.1059827422259076
-1.1189229148036486
-1.1047336856556123
-1.109686348799056
-1.1005894853110654
-1.2275835904579544
-1.202307754553375
-1.1822846770078412
-1.1764618302377627
-1.2436972119353848
-1.2342602398160312
-1.2249176374178707
-1.2296684610436919
-1.261371776433255
-1.2467580586689224
-1.2352904780822331
-1.2489375733014108
-1.2104481975683967
-1.2203437155927128
-1.2691402784367856
-1.3264488756524175
-1.3190025430269343
-1.305812517596665
-1.2857543924206984
-1.2818968484964917
-1.2720778800115267
-1.2423571012114114
-1.2319335301992973
-1.2496141948973043
-1.238118052948331
-1.2187368724188479
-1.2385495036946594
-1.2121640086577128
-1.2440423685711357
-1.2416019448854243
-1.23318592543657
-1.2608540661822043
-1.2502455255203822
-1.2267430702651785
-1.1964756395625267
-1.1795108831669014
-1.1827157743352323
-1.17788861659188
-1.1731097304259612
-1.1623786331217014
-1.1657548467904846
-1.1660972983225797
-1.146436325339354
-1.1179719620859605
-1.2007922424651007
-1.2037843200404499
-1.1917464768400454
-1.2318290120716449
-1.2295107219509285
-1.2082156147314194
-1.1991334585841054
-1.1851421239982642
-1.1852907027582815
-1.1774377957306987
-1.1516634177733918
-1.1561467835956578
-1.1495853157597014
-1.1370894626021044
-1.1107185679760834
-1.1196113822963225
-1.1294152684733594
-1.1461211157886257
-1.1376599046307394
-1.1472833055844318
-1.1618104725285876
-1.1541923678033017
-1.1486504441252687
-1.1201639396840162
-1.114962300287176
-1.1338126772843042
-1.1234745505114612
-1.1092398050063466
-1.0811474069562832
-1.0663359328867204
-1.0716725735578532
-1.1029558478222747
-1.079926289344052
-1.0541270264506115
-1.0585857561861054
-1.0389998986242444
-1.028609899638002
-1.047323800641622
-1.0228505626352056
-0.9986220570088535
-0.981635836438765
-0.9618194780743773
-0.9582012832936335
-0.9266192704606971
-0.9253530777560902
-0.9000995469785293
-0.9160985515087441
-0.9239375659936566
-0.90469819033372
-0.8846512084303828
-0.884804696346079
-0.8759566493826182
-0.850197082888792
-0.9566951120599038
-0.9661281609393048
-0.9604668793299117
-0.9328622105366126
-0.9585335884312465
-0.957948252546934
-0.9503687700214647
-0.93786508232125
-0.9634864314980375
-0.9418515671830571
-0.9414330515112265
-0.9380187209961142
-0.952638533786153
-1.0011121484482914
-0.9971010269638085
-0.9901300166941704
-0.9732287165272288
-0.9794964293619565
-0.9667014650683369
-0.9640344504176535
-0.947394105913477
-0.9469201648543422
-0.9644509632057987
-0.9368064535737407
-0.9384383890380033
-0.9890540051476231
-0.9641634650961468
-1.046521830445185
-1.0360566121407333
-1.025696046019326
-1.0334390855591329
-1.0121046947035417
-1.0209836477565062
-1.002773811278941
-0.9847460731661516
-0.9908986124344901
-1.0049896263101452
-1.0099397300470436
-1.053840332746573
-1.0193019294191072
-1.0411089101249162
-1.0886978210236669
-1.07481084281343
-1.0890627343852957
-1.1011721070414426
-1.1001603859710283
-1.074158782111318
-1.0624171942902048
-1.0387930223473028
-1.1084050921238295
-1.0883210412025914
-1.1234378307905655
-1.10720345248266
-1.1161314179578334
-1.1529701037782552
-1.1624404027404727
-1.158815998713068
-1.1362278387259375
-1.123865560338678
-1.1166269047352912
-1.0934606356879384
-1.086526029331059
-1.0516607690377484
-1.052144161347371
-1.060622719733897
-1.0390164925365581
-1.0486263276111927
-1.0321400643350807
-1.0428186636917298
-1.0303904770548125
-1.0190865722842641
-1.0088957065614215
-1.0128067494958073
-0.9926786820008493
-0.9977518951808408
-1.0057743762290323
-1.004716632466742
-0.9886694661420746
-0.9877827714806539
-0.9939049437658474
-1.013965894328189
-1.0038262353849072
-0.9957879730310581
-0.9728300933007475
-0.9951017923677401
-1.0121507744440628
-1.0070292666996221
-1.008958974032626
-0.9858693842922996
-0.9880106904493766
-0.9721305835448828
-0.949409277709434
-0.9249151849323396
-0.8936660330830162
-0.899729372752186
-0.9297320790246641
-0.9404347582344175
-0.9150304106520732
-0.9058801065455525
-0.9438213054800969
-1.0023830924252959
-0.9833592615010429
-1.0205256688860325
-1.0173204121971722
-0.9911472080752004
-0.9992357359944484
-0.9882433786345038
-0.9883609448481588
-1.0574773353996771
-1.0809025620456805
-1.0570935364252239
-1.0235226010609717
-1.0122873750503618
-0.9841645012998581
-0.9973228562868596
-1.007349627723991
-0.9832761314467511
-0.9734433701322835
-0.9647089364309607
-0.9620618470666511
-0.9564412285959846
-0.9598768163100247
-0.9702780481469245
-0.9525752676654553
-0.9250495149888007
-0.9077990198389128
-0.9827210296405234
-1.0008938193441184
-0.9758848811506772
-0.9721260323391704
-0.9744047720157787
-0.9896607242956209
-0.9757641170526646
-0.9500064758821379
-0.9165064111233165
-0.9343413470120834
-0.9129979335419626
-0.885867954206543
-0.8940092746644775
-0.8840691819178328
-0.8582284900986544
-0.8886462051976679
-0.8717597431456912
-0.8690421457142342
-0.8433517242570918
-0.8379182070145209
-0.8395390249443757
-0.8071436346949319
-0.7830721983479826
-0.7852414763645028
-0.7673890616008577
-0.7767151709848492
-0.7529480192750007
-0.7654185390822507
-0.7477643536914281
-0.7622867101545139
-0.7766638430529688
-0.7828972046224391
-0.7650682325762147
-0.7544175502504525
-0.741873374747948
-0.7794546410004685
-0.7806600945904638
-0.8138534936445591
-0.8507149587081135
-0.8472078091210324
-0.8127357310298221
-0.8076083737195239
-0.8255322899823286
-0.8122769670825053
-0.7931541974116803
-0.7622226554375634
-0.7646004288831878
-0.7489544245943559
-0.7354648803484123
-0.7091102315449281
-0.7310191292294789
-0.714708937937184
-0.7165618485578122
-0.7023962300722341
-0.6943722677715117
-0.6904285450937966
-0.6705242596428586
-0.66581901704643
-0.6651608268759657
-0.679509218607206
-0.708714126421134
-0.6936269851569226
-0.6886907153053533
-0.6798038081522998
-0.6630057700707768
-0.662375712370069
-0.6457519552463683
-0.6262944356939046
-0.6130314913369656
-0.6279011764235959
-0.6216221646593599
-0.6524059430127663
-0.7098818835826386
-0.772783064746812
-0.7960552340993439
-0.7840946817583504
-0.7912537349407669
-0.7743411975913592
-0.7465977856154457
-0.7581318077592912
-0.7865504896816984
-0.7886849847848814
-0.8077981349370326
-0.7987201535876622
-0.8067329520517856
-0.8136656225312677
-0.8225289663059551
-0.8133036766428955
-0.8121706398764665
-0.7850489334777019
-0.7661984441429248
-0.7625364597014955
-0.7379110951044805
-0.7625319841534357
-0.7899066643119014
-0.8130075976687824
-0.8118775216920946
-0.8567587464751736
-0.8371911590104218
-0.8078192474203176
-0.8187410549461145
-0.8055536443966533
-0.7954981079526868
-0.79054312687316
-0.7706376956044284
-0.7559313186483841
-0.7713720054619003
-0.7676582854072813
-0.7489817025532085
-0.7344918855276764
-0.7201469666723996
-0.6959454970056757
-0.6729860420356188
-0.6562561816152627
-0.67369361979911
-0.6589566836011189
-0.6333671167651077
-0.6370334455974567
-0.6196631111414821
-0.6074664800300673
-0.7213918152297663
-0.7371778970774686
-0.7048061181066939
-0.692758056925627
-0.7158304763563708
-0.691672171592807
-0.7367554498768789
-0.7533878953781101
-0.8408540164243288
-0.8184454762600855
-0.8412610214974846
-0.8358484112825098
-0.8704899271696847
-0.8497850278979878
-0.8272871776190079
-0.8330143058428179
-0.8206841627843897
-0.8144773211565458
-0.8053325479449803
-0.8072792224655305
-0.8012064302408752
-0.7991943659384665
-0.7942024222790818
-0.795260398056291
-0.8943077940757278
-0.8733647161349705
-0.8906310689736208
-0.8697247582838845
-0.8770275107010457
-0.8802572355940352
-0.8794546632380948
-0.8956601166057139
-0.9327035154396567
-0.9563764802852601
-0.9448127154824075
-0.9373645883275834
-0.9619909424443076
-0.9513710330198645
-0.9438573226896658
-0.9374187494627692
-0.9180445619681414
-0.92386411634846
-0.9006254751849754
-0.8826192204331256
-0.8707930282287943
-0.8520850979465063
-0.8625642469670413
-0.8389386044973708
-0.829549218452397
-0.8092537262678731
-0.8451611890051942
-0.8337095771151423
-0.8613724813439908
-0.8387587565305509
-0.8323711689652453
-0.8680474572755927
-0.8443669827028368
-0.8309233128758085
-0.8446140797470504
-0.8451679389495799
-0.8367162595600841
-0.8143490969644832
-0.8182056059948384
-0.80702354993489
-0.8009533144355411
-0.8379437812911856
-0.8325643434782738
-0.8452387000434911
-0.8157863130430562
-0.7936284499126256
-0.8546921654134991
-0.8251452437593642
-0.8128937913217705
-0.8147648534085529
-0.7866172048744673
-0.7677510328257225
-0.7450735224974653
-0.7356227872724906
-0.7362665593997657
-0.747903893805768
-0.7684248548677104
-0.7567406063190333
-0.754173200255843
-0.7846314682532846
-0.8167851535707518
-0.8166173020350442
-0.8244511290146938
-0.7942066177245468
-0.7812645515473013
-0.7654519060318283
-0.75379738697151
-0.7552594131017949
-0.737706818970777
-0.7153297507810692
-0.7321764532732585
-0.743854688740526
-0.7724161418531207
-0.7456919804345895
-0.7492350606302436
-0.7287427100239411
-0.7634552829237017
-0.7968207300944647
-0.8168525227935202
-0.799683997565585
-0.7976871575899291
-0.8007102860140298
-0.8237031831538896
-0.8224661513223507
-0.8112414898091271
-0.8781290749110358
-0.8943477841619254
-0.8934043063203061
-0.875470263257103
-0.8917155606245319
-0.8827984050182867
-0.8889704209681037
-0.8770807167584227
-0.9263099095908384
-0.9710468104949299
-0.9643363423899806
-1.0346929789660806
-1.01734604917642
-1.0141725886846558
-1.0250308627978093
-0.9997805541698311
-1.017782748628133
-1.0616049211418517
-1.0909888719304333
-1.1820789832111285
-1.1702581933790173
-1.1525556114452271
-1.1540300553307747
-1.132489754777467
-1.1571648572296924
-1.1625932086573956
-1.1439672765708218
-1.1275276038051136
-1.1002523277670624
-1.0922498044893916
-1.1553273064444975
-1.1277740333800526
-1.2204962930462517
-1.1982913301157891
-1.1823084168146312
-1.1644853326464848
-1.14584047932002
-1.1403820745268198
-1.1439782537815515
-1.1385384712437359
-1.1181530865312985
-1.1269715556659856
-1.1167018401093256
-1.1035348217082324
-1.08649947349115
-1.0666344787562385
-1.102968133968676
-1.0749384526289893
-1.1361890681026994
-1.1428271774216723
-1.1123989056474557
-1.1372749165909812
-1.1309021674250714
-1.1215931457508208
-1.1113772142933125
-1.1052634421503793
-1.0892108077288756
-1.1003186996515868
-1.080315512655071
-1.0615123575285204
-1.053897233953235
-1.0363582616137028
-1.0369946789975657
-1.0456247322075902
-1.0721684848855142
-1.110446800036659
-1.1233423320362923
-1.1101089087159293
-1.10300781962877
-1.0809777414324824
-1.0551679640181577
-1.042616284377976
-1.0361901215341962
-1.0358282203188542
-1.0574699381156658
-1.0668952387345092
-1.0872262863471642
-1.0963540234836926
-1.0843904832488556
-1.081546578416367
-1.0847311126322032
-1.0888838015058813
-1.0669949634908225
-1.0443250138559141
-1.021881763717355
-1.0006629460801815
-1.0646563166193797
-1.045009753453186
-1.0215596559186542
-1.1053440593594674
-1.1502906187658726
-1.1337877125782139
-1.1324498354524317
-1.1311253370979073
-1.1288140837269283
-1.167525942889659
-1.1608506834607621
-1.2142421766261544
-1.2260997548598929
-1.2938387573112937
-1.3139003697381806
-1.2907613660407988
-1.2798537523803908
-1.2570552148565868
-1.2494846627080207
-1.2179898160809406
-1.1988099179201313
-1.1808218187409298
-1.1910136005535206
-1.2301034645479854
-1.1988024299025055
-1.2078144056034805
-1.1797362615474456
-1.1469388989319713
-1.1344695099426516
-1.1451248148432251
-1.1706735666947927
-1.1569668310278447
-1.1523971627175664
-1.1498731910903908
-1.157374459179487
-1.1508007145876922
-1.240292707441815
-1.241889780367397
-1.2524708825637232
-1.277946173738086
-1.2401667120007052
-1.268765044880698
-1.2470773944318911
-1.2436066204875722
-1.2151705542826965
-1.2130188487398694
-1.2318886602524706
-1.2215697736499458
-1.2053540759134462
-1.2313005351543118
-1.2239875298027687
-1.229747654504741
-1.1934501779596935
-1.1995156761800967
-1.1915205194182956
-1.1646053142241128
-1.1649592610818718
-1.164309668471053
-1.1856665717863424
-1.1668099060684791
-1.1391418070077943
-1.1227503889377164
-1.1255228850483392
-1.1042676561978557
-1.0962249796358772
-1.0702627298395184
-1.0505601025411233
-1.101054501515712
-1.0920439565005549
-1.0911235169355493
-1.1312122817661938
-1.1249001589485317
-1.1396511573590464
-1.1302546457854559
-1.129952099327601
-1.118652578334325
-1.1404660525509818
-1.138061392025472
-1.1256807781052172
-1.119423970324165
-1.0942297306209234
-1.1042874333147144
-1.0812445589815671
-1.0734321133917515
-1.099697792257834
-1.0857008143352558
-1.0888438061919032
-1.0829553681299842
-1.0651258144486844
-1.0644745563041975
-1.0698298107411555
-1.080131512633744
-1.0733301975074065
-1.0655968955323325
-1.044940926577009
-1.033491517311239
-1.0291566021381264
-1.025865036116745
-1.0046063857555776
-0.9805603218980218
-0.9607547186790415
-0.949147171492251
-0.9686556997773286
-0.9779691427795553
-0.9651894513517597
-0.9565375568382422
-0.9389721812698597
-0.9365824594571611
-0.9342166348625895
-0.9188744685139636
-0.9496857238288239
-0.9541888665905357
-0.9476469779246304
-0.9421705081453841
-0.9547488030639302
-0.9392013150332909
-1.0138093018829577
-1.0596712088641282
-1.0680744967754872
-1.0333937518077323
-1.020059814289655
-1.0128592161467587
-1.0087306239852911
-0.9996433177454382
-1.0236468845679838
-1.0004104157223042
-1.1024063115650808
-1.13638224844943
-1.1520184259649355
-1.1584982417052863
-1.1899132592882333
-1.193014126695351
-1.1900839854283973
-1.1931831455741133
-1.1842513141183724
-1.1644088009771887
-1.149764712967417
-1.1492670658377426
-1.1447743951793654
-1.1433266512275717
-1.1648933847152958
-1.2412444508681426
-1.274832006359461
-1.2410836862958663
-1.2296728494329074
-1.2153761209385783
-1.1822223597291925
-1.1914001361319007
-1.2594861347705815
-1.2418912734228758
-1.2144723606886472
-1.2213276370817607
-1.2021143607109432
-1.224093217103834
-1.2248522849327954
-1.2296037620834674
-1.2063077244626328
-1.1942446472180064
-1.1823022007458264
-1.1764791787383682
-1.1557143869509845
-1.1431572430814745
-1.1757256706506598
-1.1679684139441533
-1.1562887298047118
-1.1517258425066648
-1.1252085840815982
-1.1369564982407823
-1.1235869332583743
-1.0873510639257906
-1.0874775532865328
-1.0606027777536675
-1.059996749976131
-1.0463967824763698
-1.037932814651606
-1.00855348650509
-1.0064679516400392
-1.0284032721236387
-1.0151192394024025
-1.0099680470083785
-0.9968683665382947
-0.9998996828729118
-1.0179006860441826
-0.9877216791837407
-0.9848444623919033
-0.9869960177679842
-0.9721260575903043
-0.9464047970144013
-0.9279407490442573
-0.8986613415538147
-0.8916747281382765
-0.9787579808568935
-0.9909704010483246
-0.9850606970378413
-0.9722100900674628
-0.9884879891667883
-0.9676031092751204
-0.9479270781823692
-0.9744478074005456
-1.0147033293265402
-1.0045562960332748
-1.028510733072942
-1.0262256257422124
-0.9969633694847903
-0.9609937357899423
-1.0423837984320428
-1.0269599604477224
-1.021690360843245
-1.0084734572348126
-1.0113887226624645
-1.00627483543584
-0.9802120870814816
-0.9884099662106668
-0.9845258665485601
-0.9876806078830745
-0.9798038018042438
-0.9870057637862013
-0.9631357061483393
-0.9925043490868559
-1.0185793055959873
-1.0463935125400274
-1.078929577414627
-1.0971402816404807
-1.078168878824076
-1.102387190035835
-1.0913633181354767
-1.0784496849541219
-1.1276651881045805
-1.1193885362235345
-1.1411946508612991
-1.174782704352686
-1.154034877309159
-1.1784945285360675
-1.1507095832507068
-1.1562024874182
-1.1666404625440179
-1.1579740579185775
-1.143394317339392
-1.169960374165998
-1.1602607704243382
-1.1306581627200947
-1.1253515810928938
-1.1360980652819648
-1.1667370846291452
-1.1900697137828535
-1.195169016645025
-1.2392173264785749
-1.224825153213789
-1.2255769016816511
-1.2123211326648344
-1.2141979213381862
-1.1950559421248044
-1.1891053827035563
-1.2342143288765206
-1.2128721855877556
-1.214743463731878
-1.1795960290945593
-1.2018000688036137
-1.1777820681155775
-1.1910042474344218
-1.1780942049600778
-1.1603132629104769
-1.175710130281372
-1.239953028978558
-1.2545534986887725
-1.2860079637018849
-1.283147884064866
-1.2663164052242173
-1.2436532411719752
-1.2242167087602556
-1.205974541672653
-1.1829147962559265
-1.1940856482933673
-1.1701447918104335
-1.1824433438923292
-1.149618910453406
-1.140122721348872
-1.1367214941353834
-1.1133542791940294
-1.118220736402089
-1.0950385290380682
-1.0860881437476875
-1.0512272623102106
-1.0237149896871085
-1.0214778397902373
-0.990263061392335
-0.9803604307784116
-0.9895568264706275
-1.0146612582059211
-0.9995146456238618
-0.9855194991676232
-0.997664304175947
-0.9606876611341875
-0.9330807845228456
-0.9327499766776172
-0.919422476910841
-0.9502282521417325
-0.920725969620315
-0.9775187099241118
-1.0027435228248707
-1.056716087596622
-1.1101489267206555
-1.088047437453449
-1.0761669630789144
-1.0464052934481254
-1.0169412405136442
-1.0137718281085077
-1.0036341098274226
-0.9995977687291484
-0.9786017910418568
-0.9548157731314383
-0.9982676154001239
-0.9992849392461226
-0.9972920898536614
-0.9683191689551247
-0.9846359772655735
-0.9727896174929178
-0.9960617213179886
-1.012101104104809
-1.014980093063761
-1.0638302921331233
-1.0401919892117921
-1.0437900693196742
-1.0223521686264776
-1.029128646940213
-1.0188373604708107
-1.0346489868661026
-0.9983024969974417
-0.9913194720274673
-1.0464062773071925
-1.0619422145341206
-1.0513227923887793
-1.0558095644648917
-1.0262514688202429
-1.0199889541320404
-1.0227890645907198
-1.0065611739448126
-0.9814955622053645
-1.0626806065833105
-1.0920538005174774
-1.0781332625123028
-1.0593519298871799
-1.0377584105883082
-1.0213808264824251
-0.9991670182176009
-0.9781753480354248
-1.0023935945550706
-0.9933696586095199
-0.9694359620234246
-0.9947416024031904
-0.9777941863791585
-0.990016244515367
-0.9761160820702133
-0.9583549212495112
-0.934771372037016
-0.9114236583166458
-0.8943094217334794
-0.8813663275161445
-0.8765526642409831
-0.8587871375985733
-0.8641992662225876
-0.8455572735603617
-0.8401017008247581
-0.8297006838165105
-0.8154036769783454
-0.8092496402085619
-0.898157143806476
-0.8681755723684113
-0.8724938166447271
-0.8627688784782799
-0.8501411896934971
-0.8496397777965621
-0.8321433800185964
-0.8758219462184104
-0.8900637267562262
-0.884163089488664
-0.8613214585937773
-0.8337082440078395
-0.8333711615677611
-0.8880374499520834
-0.8621570754525626
-0.840535504698037
-0.8511301496510566
-0.873618848154546
-0.9698826596730004
-0.9551838330762703
-0.9596319947455076
-0.9950356747980524
-1.002085318050072
-0.9870644648695712
-0.9611938202208755
-0.9425818820186668
-0.9321560631984801
-0.9178345025664952
-0.9186561575408303
-0.901469595965422
-0.8994549000057678
-0.8834603510057101
-0.8676257474956529
-0.8709494900206964
-0.8562399951204894
-0.8616775951692845
-0.8540608192175917
-0.8365202110254157
-0.8391550089151616
-0.86076345882601
-0.8481558242377499
-0.8316742659953724
-0.8063575233354187
-0.7962939481020644
-0.9663310086210436
-0.9636676985348331
-0.9650310215494848
-0.9393807113339899
-0.9759869042206499
-0.9842270351784435
-1.003384764826659
-1.0083509171783922
-1.0342674080066083
-1.0439247339265423
-1.016485486587277
-1.0333206317214043
-1.02398742540419
-1.0557475511501482
-1.0711900756386468
-1.0444781748822602
-1.0300333931334376
-1.0407330592021031
-1.075325728610082
-1.046572471323981
-1.0641067466107412
-1.0984656791446337
-1.1664810223531872
-1.1658162121296554
-1.1661580500083588
-1.1534964695082752
-1.1479615048131924
-1.1364818897650604
-1.10811707086741
-1.1040359001587359
-1.1009955411571486
-1.0869855857455772
-1.0861157298881214
-1.0752545725892402
-1.051502026863348
-1.0339870065947145
-1.0326471365287675
-1.0233206651634799
-1.027087458511845
-1.0238165839267264
-1.0215784180874592
-1.0153626339065847
-1.0202090075675188
-1.0860069174918434
-1.0591468483169248
-1.0505553798337557
-1.0510498260354182
-1.0435393277750642
-1.0391039344973136
-1.0527128951523406
-1.047185766200817
-1.0637139085388088
-1.0710767694534207
-1.0583660017588865
-1.0787823417412978
-1.056994518323885
-1.030424573140646
-1.0001203274092396
-1.0031191241351474
-0.9990879328937959
-0.982097053564858
-0.9902760830292094
-0.9753733221989174
-0.9426195889769282
-0.9411933930871589
-0.9357814591562873
-0.9284236445647244
-0.9641394081190771
-0.9634980140378863
-0.9668630338975074
-0.9521944035585322
-0.9376724595229469
-0.9612957349277175
-0.9936827775784403
-1.0027459498026559
-0.9747184903046293
-0.960971305401583
-0.9723615923475672
-0.9826379764240916
-1.0398115966598505
-1.067413480693252
-1.0487393458863195
-1.0662519524274563
-1.0475894329031816
-1.03211353857415
-1.0307924031884084
-1.0894844791565241
-1.0925896343649588
-1.1076637380213092
-1.147587100641096
-1.1221112296346851
-1.1358901173383382
-1.1665312161649548
-1.1458659040033055
-1.1634072449632724
-1.1407731725136399
-1.1833654407885033
-1.1815317863806183
-1.154716468516812
-1.145169303831644
-1.1587176107933277
-1.1561304346853942
-1.1375691303385405
-1.1421934390351551
-1.1427715046448035
-1.1813437895983554
-1.1875303517023719
-1.245655048185348
-1.2451984977034944
-1.2287465127264594
-1.1974590475991949
-1.2084844571232027
-1.2103996125519707
-1.208295616426451
-1.1892126602621864
-1.1893205336595645
-1.2014273283229688
-1.1804130550397391
-1.1826089244893419
-1.1647828352444485
-1.201135006892004
-1.239123656823084
-1.254732420254853
-1.2661850960523047
-1.2785232450917818
-1.2947380126408639
-1.3077906325144553
-1.2907127261893108
-1.2708055989274178
-1.2560975429381436
-1.2345365675087623
-1.2211912018336748
-1.2159792898153379
-1.2148194969171846
-1.2296713019480128
-1.2403745889285327
-1.2349708430392472
-1.2426211346088547
-1.2211949232627664
-1.2219829740301387
-1.2077631442898373
-1.2046855128469391
-1.2016386577184697
-1.2066222711412848
-1.2485560484298721
-1.2710704879455732
-1.2683597830661175
-1.2566761852354562
-1.2261094233831016
-1.2088483291492707
-1.177759845857778
-1.1499822473992003
-1.1614824249252085
-1.1838676006759563
-1.2090289246691968
-1.1859386354225048
-1.2110792490682796
-1.197968456577597
-1.169988772011821
-1.1382888842917027
-1.1339059954487856
-1.1265669354942978
-1.1073012661393549
-1.1162282534779613
-1.0890659709431816
-1.0711753112337499
-1.0454635581214125
-1.0220089225401985
-1.0877888333147963
-1.0539109449816484
-1.053371835531832
-1.0518381171765137
-1.0493197360047486
-1.0458265386447012
-1.068368273258254
-1.0416845905256715
-1.0392677446204148
-1.0428750671742106
-1.0674463165024684
-1.0687718533374437
-1.0410841348040694
-1.0426732934560288
-1.0602465605214686
-1.047644094916254
-1.0181676539670916
-1.0019859774274207
-1.0299661176531465
-1.027666456476615
-1.0463897919118488
-1.0589258939927302
-1.0553366350528028
-1.0637832687022748
-1.064145436015252
-1.0665039816550996
-1.0628389418385487
-1.0532105524201631
-1.0946784468959616
-1.068731662427002
-1.078044345802732
-1.0832639023447046
-1.0684312633212576
-1.035746950688045
-1.0103894811811647
-0.9892855863693529
-0.9703927305056594
-0.9706888032006028
-0.9549819151685968
-0.9364320960169108
-0.9520677750567417
-0.9355470973061742
-0.9171916263331125
-0.9990197100697811
-1.110029512969083
-1.1029292178393921
-1.0748999256609983
-1.0661509264043882
-1.182489417140344
-1.1756645229689404
-1.1749078777392512
-1.1581587989618587
-1.1455772109722402
-1.1441214388625178
-1.1556802244738928
-1.1571234222291538
-1.1455521880068622
-1.1210966661267936
-1.1328856994655256
-1.1125568424708705
-1.1444312740461617
-1.1479869613057003
-1.1275070916926435
-1.1352320207757172
-1.1228797005679598
-1.15865090356228
-1.1500643945266573
-1.1395637505813907
-1.1341681130755767
-1.1238264319448208
-1.1425881676253726
-1.1191622859491188
-1.1569706630896275
-1.1384009564587314
-1.2150169468941439
-1.2008667774252024
-1.2048581096509503
-1.183809528554441
-1.1679714332688966
-1.1522917189362076
-1.1597688017468457
-1.1881711137293773
-1.1962894025920836
-1.1973265085661626
-1.199353243480501
-1.1943597110456958
-1.2494161139352389
-1.2419219527958865
-1.2185027332679277
-1.2153177059352482
-1.2051645288758956
-1.1811128835871367
-1.1793017547512654
-1.1725087372037528
-1.1507836498317152
-1.125275813333398
-1.1170230552000642
-1.0838528246480634
-1.0550142964015827
-1.034464153437567
-1.0141195119031912
-1.020978316784159
-1.0057685336163176
-1.0277108482801545
-1.0424337397973529
-1.0390094023993794
-1.0566193083753856
-1.0580531152916317
-1.0434725841387154
-1.1290378582973277
-1.1562600049172107
-1.2986974048680382
-1.3637104308193577
-1.3670733265111643
-1.3354025932460527
-1.3400485673135922
-1.3206480816404562
-1.3214416008240517
-1.3342271848158112
-1.3318849129676529
-1.3105660638379764
-1.3004604031995968
-1.3284557991676007
-1.3311712411759247
-1.3938595287641653
-1.3919209334765237
-1.4160017241417584
-1.4158417069003408
-1.4326832898313373
-1.419356456933024
-1.3921628923636937
-1.4112412634400566
-1.406128850805656
-1.3790675622975994
-1.3772768866746234
-1.3845041178078774
-1.3716590766297985
-1.3599424858635005
-1.3723430610048655
-1.357619630394817
-1.3330434340908688
-1.3237129997499602
-1.3404758697524606
-1.307071111054936
-1.2720003999443865
-1.2682803959449425
-1.231597591985493
-1.247281616065638
-1.2508087999049815
-1.2343007119059317
-1.2279577047868724
-1.1986781277390037
-1.1886913464616138
-1.1678044329969977
-1.1731263886670278
-1.1493951247803575
-1.127901173532554
-1.1026221617972283
-1.0945959401792558
-1.079649980777463
-1.0618534809696885
-1.0792349461599915
-1.0804425966983915
-1.0516381707314075
-1.0421217890240935
-1.0347005711338526
-1.014353565422514
-1.0302100297682888
-1.014907929470606
-1.0077588501758998
-0.9986812616741408
-0.9966944490573995
-0.9747275045668254
-0.9739802295211571
-0.9922404272259456
-0.9893180229536862
-0.9664248427241493
-0.9437605942969078
-0.9273229883539388
-1.0380497584703992
-1.0716692608856953
-1.0459525682768385
-1.0524930425940702
-1.0789681121681294
-1.099178431046448
-1.0981866467359835
-1.1092047802686238
-1.1041127324659374
-1.1000716051412782
-1.0820708890898656
-1.0552501801989669
-1.0386976783969772
-1.0203107016130075
-1.0551075945968773
-1.0345565186509085
-1.0162109534643993
-1.0080488439297552
-0.9869683554904577
-0.9640986719355531
-0.9514576852161976
-0.9359431083640356
-0.9325836772803953
-0.9682578405075912
-0.9765752621025153
-0.9678095094814901
-0.9721314143866753
-0.9514101002428085
-0.9368959992403804
-0.9295270392479765
-0.8942317688554967
-0.9312894511669416
-0.9399765566552722
-0.9275767910887195
-0.9293010231778323
-0.9150080129460539
-0.9658579328165934
-0.9631993534884274
-0.9555673599535431
-0.9480116863540077
-0.9315315694904676
-0.9182162537955628
-0.9130340912576071
-0.9059037503450311
-0.8858447128415808
-0.8809862657131651
-0.8841764030560334
-0.9693346390254729
-0.9666412926352181
-0.946974879708866
-0.9455051309117773
-0.9390500796026595
-0.9686595788066328
-0.9679729830185665
-0.9462932531883808
-0.935830320656497
-0.956472017449932
-0.9349072972754328
-0.9305582243026784
-0.9812526420596515
-0.9434401156390549
-0.9220057144826643
-0.9287856573378377
-0.9154978007644593
-0.8923428227568146
-0.8864193945292465
-0.874555200583954
-0.8648096485781144
-0.8431615520923332
-0.87072993657141
-0.8510226372056958
-0.8865124108336389
-0.8626472867253024
-0.8670208138580494
-0.8573506057194689
-0.8357770996622742
-0.8254193286656515
-0.8191651353789949
-0.787973484025205
-0.8340937491849528
-0.8157528116931033
-0.8125952835761723
-0.7944693307404105
-0.7675246374330064
-0.7368493910586763
-0.7224808971480895
-0.7652560881766085
-0.7736035272948424
-0.775867492021894
-0.797108817101675
-0.7871377289306583
-0.7712663516413517
-0.7585536881249382
-0.7549681512436888
-0.7624184697312519
-0.7497942850339394
-0.7322963421836
-0.744973378761764
-0.7565236449741464
-0.7599584085244049
-0.7403588244391608
-0.7189552361947692
-0.6967656838328214
-0.7077980269944932
-0.6947200467245483
-0.6677728462573028
-0.6590951177947297
-0.6325041666167824
-0.6201791249506146
-0.5989773337011084
-0.5799875603640973
-0.5701876847604563
-0.5874858079128518
-0.5876109498337232
-0.5687348403353859
-0.5850474919320321
-0.5961970170127118
-0.5872350468425847
-0.5723626963741588
-0.5766390694104172
-0.569872678716313
-0.5491739519291499
-0.5336822124098584
-0.5443453902857598
-0.5359019363829022
-0.5365429170190732
-0.5231774878488824
-0.5069457129703936
-0.5108762558406896
-0.49176749328228275
-0.4808498183494599
-0.4810413201659653
-0.47723090696430565
-0.6394585978946624
-0.7640640119157155
-0.7514233717965583
-0.8269091380785926
-0.8266400466978067
-0.8533736462308287
-0.8438399097685204
-0.8274015106708352
-0.8311274955641269
-0.8018162206084856
-0.8427980584024006
-0.8243700778183766
-0.8301263770401928
-0.8288251132697908
-0.8055368621370929
-0.8384814935157219
-0.8510966785805647
-0.888585711794759
-0.9286998546768113
-0.9844128561300431
-0.9965687275687427
-0.9796030402930552
-0.9928070098901247
-1.0038789397912233
-1.025840150393311
-1.000581748889378
-1.0015759314004842
-0.9815601720864793
-0.9667445703656145
-0.9760771246619583
-0.9983163534153388
-1.0423331898811852
-1.0149098579823734
-1.0387607594025496
-1.0353731518085243
-1.007019420290439
-1.0079492260875345
-0.9798697338266591
-0.9640710364883925
-0.9644303261235087
-0.9637860228622736
-0.9671481626336508
-0.9494766810073143
-0.9229819141972412
-0.9087520950552688
-0.9506645741047159
-0.9471579283636687
-0.960686349080032
-0.9430794855892317
-0.9296486907333393
-0.9113522038260059
-0.9062386817877458
-0.9021762949698683
-0.9331545320201695
-0.9788229866999677
-0.958034756832968
-0.9424544092646383
-0.947029865171992
-0.930559566520272
-0.9412539708550693
-0.9158414311465186
-0.9126830168350534
-0.9125561866667028
-0.8864306248000358
-0.8715663185520354
-0.920850655366515
-0.9066421488128499
-0.9065757273247214
-0.8825099700514741
-0.8596848703509594
-0.8480880216474498
-0.8366071414309753
-0.8222410700166655
-0.7920186593164987
-0.7800984727233338
-0.7722974879961004
-0.7585745131161394
-0.790988767984978
-0.7780788803051282
-0.7582980915020768
-0.7397151105870561
-0.7223179594811855
-0.7210947798863736
-0.7198838320875098
-0.7096849937666347
-0.6865881438289684
-0.6577222623906787
-0.6311450397667718
-0.6128335893691041
-0.6337052534754132
-0.609368200940659
-0.5822745189312524
-0.5754517737419398
-0.5556972560045204
-0.5531402834444752
-0.5476088806100304
-0.5431327918039301
-0.5327014638858908
-0.5063744492470319
-0.5193107047545615
-0.5271175977070159
-0.5188464217299458
-0.5766579575126463
-0.5928913779375198
-0.6049624641581446
-0.6559128395165631
-0.6513537111213975
-0.6998401740101835
-0.7728417722700816
-0.7511133545473807
-0.7276022210019069
-0.7583261987918877
-0.7617429368039688
-0.800125507435929
-0.8871242523615694
-0.8732530098379537
-0.8585204797395741
-0.8439352749421783
-0.8644959221927566
-0.8738509629708291
-0.8571124533411207
-0.8795413288077095
-0.8697459155196324
-0.908048456364436
-0.8989679718007916
-0.8769782920827837
-0.8452085091619558
-0.8297564240703362
-0.8134588598296328
-0.8493242712313365
-0.8738310285190232
-0.8530927182338329
-0.8525617910514945
-0.9690361731409792
-0.9393458114095694
-1.0219523532954735
-1.0347328297625187
-1.0063855014648935
-0.9943216464502446
-1.0023784299857421
-0.9753546456858847
-0.9886010992290258
-0.9727150882367356
-0.9729879373543682
-0.9642580579808245
-0.9996154774010162
-1.014619322627006
-1.0224731294007359
-0.9942483981067285
-0.9673059141256611
-1.0366328549844044
-1.0472665264345604
-1.0227938611702148
-1.0305659225585126
-1.0182602633329274
-1.030077660699598
-1.1037768840926019
-1.120739115251676
-1.0985317240991592
-1.0785464068581678
-1.0857609427895862
-1.0779033333616905
-1.0611243000280737
-1.0675130570277929
-1.041837926457515
-1.06541954719294
-1.0517653517210106
-1.0322476982038007
-1.0349252212217626
-1.0255759690095447
-1.0083202093194494
-1.0272370072262549
-0.9969646371539924
-0.9829949907824524
-0.992165040874628
-0.9862433904658817
-0.9833809565612229
-0.9655471469956107
-0.9638916755256546
-1.0052527587703979
-0.9912002311826938
-1.019288228870867
-0.9860953465821581
-0.9902343931163365
-0.9573320491851731
-0.9397587286933213
-0.9343611414063882
-0.9260175299923242
-0.9617573546924009
-0.9821397811454768
-0.9513183833340221
-0.9288051995006819
-0.982517147505675
-0.9916919760306182
-1.017775056270312
-1.057597305707609
-1.0590213326505329
-1.0504311193240274
-1.039926808130787
-1.0145275400494793
-0.9843822646489846
-1.0345384420024946
-1.0261930575824696
-1.000931127006645
-0.9929218157365786
-0.9879925975792128
-1.0181126716034206
-1.0529315448873864
-1.0314022294385126
-1.0310882071441274
-1.0057773250726862
-0.9787195518219594
-0.9859323563037398
-1.0160730327407024
-0.9799123024132954
-1.0131131793891623
-1.0219820475952706
-0.9987622271193178
-0.9787746048481246
-0.9729868587996434
-0.992256990211647
-1.0273344203095305
-1.050061076106435
-1.0675604653453707
-1.0538848606919171
-1.039346012084998
-1.027952551964148
-0.9976730264445064
-0.9756962961800613
-0.9739393332182606
-0.966199939886078
-0.9625379404872172
-0.942912561082345
-0.9634834354715216
-0.9458486011168064
-0.9843901151056382
-0.9545462139545818
-0.958000751815036
-1.0344207442968854
-1.0170765368539165
-1.0079057714853772
-1.0408267137705234
-1.053418446632818
-1.05788426216649
-1.033305419544825
-1.0309723653493768
-1.0396626416958832
-1.0222660152789245
-1.0340433551261352
-1.0327029215748738
-1.040375892359125
-1.0379721334355339
-1.0125924121011787
-0.9964664879801668
-0.9985018231003652
-1.0055168048693615
-1.005461636820668
-1.0124070204524613
-0.9962829502479367
-1.0003201207454573
-1.0253169195380027
-1.0160637503426226
-1.0389031128391963
-1.0245140817108043
-1.0252689408936961
-1.0410162514847592
-1.0066060889699115
-1.0055400280802125
-1.0164846277994104
-0.9823197815214162
-0.9944965837062021
-1.0015516178691402
-0.9965361016904487
-0.9995707406735442
-0.9915750332668087
-0.9806592829341406
-0.9598526901047992
-0.9502541632037512
-0.9287516215717136
-0.9024641053559965
-0.8774394643024366
-0.8566650696594122
-0.8620984189628181
-0.8424774347731899
-0.824052660425458
-0.8388121338212035
-0.8134240124829913
-0.8342897723581615
-0.8469468746345798
-0.8464774058882341
-0.8290126318293517
-0.8447225055110582
-0.8522752804559476
-0.8307525276513881
-0.8144450023748742
-0.8023005523511254
-0.7902775468276142
-0.7803747713593381
-0.7785710236457447
-0.7497853134092872
-0.7582874602751943
-0.7527045856724424
-0.7811775398157179
-0.7593657644175608
-0.7677721067733851
-0.8180943857056512
-0.8009134418485947
-0.7759043074301087
-0.7621452643558077
-0.8065238117122495
-0.7974585735951271
-0.7744839878591758
-0.7607391479805841
-0.7571317565007782
-0.7565604389357704
-0.7569948345464127
-0.7564248862009486
-0.7738606373389392
-0.7591220309655498
-0.7665308106558942
-0.7708655025493353
-0.7641568475238419
-0.7665152790486035
-0.7538501262581174
-0.7543116249955363
-0.7407685087455809
-0.729360823658125
-0.7190672154215438
-0.7468765432673284
-0.7454077778346552
-0.7539537000563086
-0.7404141630557455
-0.755010021425188
-0.7454599212109362
-0.7540053219988269
-0.7254652687788385
-0.7302106160910502
-0.7309085099301397
-0.7265994248308383
-0.8613334305825295
-0.8417200962767042
-0.8343028953139371
-0.8159598663607976
-0.7998002676971897
-0.7878022650202178
-0.8149242423700156
-0.8157749999463154
-0.7906172499468522
-0.8037110774473837
-0.8016739666729098
-0.8186572270061807
-0.7944706547361189
-0.7995259481887577
-0.78953068870687
-0.8256353818198012
-0.8273790280016032
-0.8041052377215872
-0.7750641853443713
-0.7593135434909275
-0.7587204080560183
-0.759133203975458
-0.7335418719357034
-0.7202064532163464
-0.8260043886841827
-0.8047443447973408
-0.8046969013493674
-0.7946499323358738
-0.769703433012515
-0.7710063986823898
-0.7522963346955659
-0.7857733713486103
-0.8149156376351242
-0.836766481258773
-0.8313988164461852
-0.8060848282817233
-0.8070239799989061
-0.815953740198917
-0.8097942027969278
-0.7826962607689585
-0.7608692981612689
-0.7502606051796562
-0.7727579991278597
-0.7910304191365811
-0.8351201149452152
-0.853768913795763
-0.8382312246578054
-0.8208489124112274
-0.8166404232871151
-0.8424740190542439
-0.8460492788637015
-0.8155887860750645
